   5.589377323e+01     1.656950136e-03     3.089579096e-02    -6.626642617e-01     3.323744546e+00     1.805379463e+01     4.079103121e+01  
   2.307818798e-02     3.846775191e-03     4.716681725e-03     6.617356789e-02     1.055742466e-01    -8.140047342e-02     1.548730981e-01  
   1.422262214e-01    -4.716681725e-03     5.464715954e-02     1.292146084e-01     9.175446178e-02     2.569857770e-01     1.363897433e-02  
  -1.862074631e+00    -6.617356789e-02    -1.292146084e-01     7.089556292e-01     4.978013207e-01    -3.159708795e-01    -3.613479106e-01  
   3.190510324e+00    -1.055742466e-01    -9.175446178e-02    -4.978013207e-01     3.563334389e+00    -4.854137922e-01    -1.828756752e-01  
   2.053530023e+01     8.140047342e-02    -2.569857770e-01     3.159708795e-01     4.854137922e-01     1.942515299e+01     1.390406867e+00  
   3.795168669e+01    -1.548730981e-01    -1.363897433e-02     3.613479106e-01     1.828756752e-01    -1.390406867e+00     4.948130290e+01  
