   1.769628867e+02     1.571107620e-01     6.884239434e-02    -7.667306947e-02     7.200041503e+00     3.460909935e+01     1.538887984e+02  
  -1.307605376e-01     2.727750219e-03    -1.970168353e-03    -2.074681358e-02     7.876214715e-02    -1.725471760e-01    -1.390175924e-01  
   1.819928820e-01     1.970168353e-03     5.162589785e-02     5.721946249e-02     6.328814411e-02     2.611661615e-01    -1.841954173e-01  
  -1.704194817e+00     2.074681358e-02    -5.721946249e-02     5.546004133e-01     4.093231413e-01    -9.965453940e-01    -4.582707540e-01  
   6.689433482e+00    -7.876214715e-02    -6.328814411e-02    -4.093231413e-01     5.762771754e+00     3.777496997e-01    -1.154343563e+00  
   3.597510412e+01     1.725471760e-01    -2.611661615e-01     9.965453940e-01    -3.777496997e-01     4.271522660e+01     3.248945204e+00  
   1.504171856e+02     1.390175924e-01     1.841954173e-01     4.582707540e-01     1.154343563e+00    -3.248945204e+00     1.682001361e+02  
