   3.269499657e+03     7.575857696e-04     2.548760704e-02     3.342732111e-01     2.099877629e+00    -1.645467406e+01     2.095746121e+02     3.314114583e+03     1.020711443e+03  
   1.982933124e-03     2.975318098e-04    -2.574361054e-04    -1.269399906e-04     2.130406526e-04    -1.102533881e-04     1.594101484e-03    -4.222143209e-04    -3.616906965e-06  
   2.513227269e-02     2.574361054e-04     9.174170519e-03    -5.372840109e-04    -8.376225508e-04     2.424818493e-03     4.875322238e-04    -5.211061123e-04     1.680876720e-01  
   3.410666498e-01     1.269399906e-04     5.372840109e-04     1.962404395e-01    -8.105533368e-04    -1.463758594e-04    -1.006667616e-05    -1.136723713e-03     4.442276946e-01  
   2.141251609e+00    -2.130406526e-04     8.376225508e-04     8.105533368e-04     1.888330295e+00     4.926983476e-04    -3.550930998e-04    -1.991020323e-04     4.389308463e+00  
  -1.649921663e+01     1.102533881e-04    -2.424818493e-03     1.463758594e-04    -4.926983476e-04     1.427932546e+01     5.386438464e-03     6.458737526e-04    -3.043112822e+00  
   2.097466606e+02    -1.594101484e-03    -4.875322238e-04     1.006667616e-05     3.550930998e-04    -5.386438464e-03     2.177629726e+02     1.279563563e-03     4.808643235e+00  
   3.311741863e+03     4.222143209e-04     5.211061123e-04     1.136723713e-03     1.991020323e-04    -6.458737526e-04    -1.279563563e-03     3.615697925e+03    -9.138167952e+00  
   1.002694099e+03     3.616906965e-06    -1.680876720e-01    -4.442276946e-01    -4.389308463e+00     3.043112822e+00    -4.808643235e+00     9.138167952e+00     1.015748406e+05  
