   7.135744519e+01     4.981098013e-02     4.488543033e-02     6.565695910e-02     6.082789893e-01    -4.905992310e+00     4.289292781e+01    -6.617433894e+01    -2.861901770e+02  
  -5.353174783e-02     1.169361178e-03     1.630830146e-02    -2.446756990e-02     1.194496848e-03     2.721623309e-03    -1.142949810e-02    -3.843339392e-02     1.261655551e-01  
  -1.015752241e-02    -1.630830146e-02     1.073775172e-02     9.560079270e-03    -1.142511164e-02    -9.661114947e-03    -2.048336441e-02    -2.036661286e-01    -1.989254331e-01  
   8.189045727e-02     2.446756990e-02    -9.560079270e-03     2.794173721e-02     1.115979595e-02     3.213309007e-03    -1.657127115e-02     1.024965383e-01    -2.770380913e-02  
   5.812693432e-01    -1.194496848e-03     1.142511164e-02    -1.115979595e-02     3.000116035e-01    -3.667554959e-02    -5.360849590e-03    -1.185158429e+00     2.560817028e+00  
  -4.176299699e+00    -2.721623309e-03     9.661114947e-03    -3.213309007e-03     3.667554959e-02     3.630438180e+00    -8.986888602e-03    -1.128457467e+00     1.624647732e+00  
   4.202910037e+01     1.142949810e-02     2.048336441e-02     1.657127115e-02     5.360849590e-03     8.986888602e-03     3.506643383e+01    -3.427145965e-01     2.773607627e+00  
  -5.916186129e+01     3.843339392e-02     2.036661286e-01    -1.024965383e-01     1.185158429e+00     1.128457467e+00     3.427145965e-01     9.494456469e+02     5.512386962e-01  
  -2.999894618e+02    -1.261655551e-01     1.989254331e-01     2.770380913e-02    -2.560817028e+00    -1.624647732e+00    -2.773607627e+00    -5.512386962e-01     9.850152689e+03  
