   5.548828224e+02     5.069503790e-03     2.767946122e-02     1.632651650e-01     1.635493237e+00    -7.939572005e+00    -3.561375550e+01     3.475579431e+02     1.791474412e+03  
  -8.111598400e-03     2.688317573e-04     2.606194638e-04    -5.675017423e-03    -1.805531266e-02    -1.389931598e-02    -4.759445666e-03    -4.931976769e-03     2.294917321e-01  
   1.758830689e-03    -2.606194638e-04     3.978097963e-03    -1.001875518e-02    -1.501296304e-02    -1.266319002e-02    -1.171700930e-02     1.459204621e-02    -4.610414188e-03  
   1.557102233e-01     5.675017423e-03     1.001875518e-02     7.091751255e-02    -6.937731699e-03    -9.948185047e-03    -1.147261822e-02    -2.203821893e-02    -6.080074157e-02  
   1.726394459e+00     1.805531266e-02     1.501296304e-02     6.937731699e-03     1.104253376e+00     1.416736996e-02    -3.377982295e-02    -2.261424908e-03    -2.302123103e-01  
  -7.936904339e+00     1.389931598e-02     1.266319002e-02     9.948185047e-03    -1.416736996e-02     8.098063216e+00    -1.227467436e-02    -3.987587151e-03    -9.906603329e-03  
  -3.539423298e+01     4.759445666e-03     1.171700930e-02     1.147261822e-02     3.377982295e-02     1.227467436e-02     4.038835906e+01    -2.406158336e-02     1.576220529e-01  
   3.478293555e+02     4.931976769e-03    -1.459204621e-02     2.203821893e-02     2.261424908e-03     3.987587151e-03     2.406158336e-02     3.482551706e+02     7.565853231e-02  
   1.787129128e+03    -2.294917321e-01     4.610414188e-03     6.080074157e-02     2.302123103e-01     9.906603329e-03    -1.576220529e-01    -7.565853231e-02     1.931265613e+04  
