   2.599665617e+01    -5.266481867e-02     1.707930578e-01     5.462831610e-01     2.571118209e+00    -4.957751694e+00     3.166255544e+01  
   1.525549448e-02     1.471583675e-02    -8.186298773e-03     1.942176272e-02    -7.397749255e-02    -1.018822097e-01     5.413805565e-02  
   1.085691569e-01     8.186298773e-03     1.066512085e-01     2.495243430e-02     2.002507506e-02     3.352683106e-02    -1.201707666e-02  
   5.395401717e-01    -1.942176272e-02    -2.495243430e-02     5.715093154e-01    -3.742468585e-02     9.958712564e-02    -2.835796513e-02  
   2.640242801e+00     7.397749255e-02    -2.002507506e-02     3.742468585e-02     3.491296132e+00    -1.491975852e-02     3.503140619e-01  
  -4.343705162e+00     1.018822097e-01    -3.352683106e-02    -9.958712564e-02     1.491975852e-02     1.194163239e+01     9.996040678e-01  
   3.219140229e+01    -5.413805565e-02     1.201707666e-02     2.835796513e-02    -3.503140619e-01    -9.996040678e-01     4.738419930e+01  
