   6.989154271e+01     2.724016972e-02     1.134336253e-01     5.086034274e-01    -2.137115858e+00    -1.120630388e+01     9.515266602e+01  
   5.764390595e-03     7.026566929e-03     3.012805406e-03    -1.636373261e-03    -5.354228392e-03     2.687627661e-02     2.804982652e-04  
   7.434328625e-02    -3.012805406e-03     7.267979962e-02     1.826731773e-02     2.128996595e-02     1.238515721e-02    -2.836630469e-02  
   4.083819448e-01     1.636373261e-03    -1.826731773e-02     4.884775602e-01     4.341772593e-03    -7.557424569e-03     4.748930345e-03  
  -2.194221536e+00     5.354228392e-03    -2.128996595e-02    -4.341772593e-03     2.868115940e+00    -6.834540807e-02    -9.425358047e-03  
  -1.082535429e+01    -2.687627661e-02    -1.238515721e-02     7.557424569e-03     6.834540807e-02     1.745929538e+01    -2.452300261e-02  
   9.622847716e+01    -2.804982652e-04     2.836630469e-02    -4.748930345e-03     9.425358047e-03     2.452300261e-02     1.508138816e+02  
