   2.003451490e+02     1.195166549e-02    -1.501589127e-01     7.780288382e-01    -4.715415522e+00    -3.369426443e+01     3.087879306e+02  
   2.987786215e-03     2.973003991e-03     2.164783670e-03     8.389689868e-03     3.718433743e-02    -5.599950927e-02    -2.703236347e-02  
  -8.315119048e-03    -2.164783670e-03     5.545886406e-02    -4.995234559e-02     4.538281107e-02    -2.887861582e-01    -3.910356419e-02  
   6.366393987e-01    -8.389689868e-03     4.995234559e-02     7.279035803e-01    -6.832793250e-04     7.994393635e-02     1.218045292e-01  
  -5.027237904e+00    -3.718433743e-02    -4.538281107e-02     6.832793250e-04     6.566615457e+00     5.397942047e-02    -1.635309567e-01  
  -3.392472792e+01     5.599950927e-02     2.887861582e-01    -7.994393635e-02    -5.397942047e-02     5.579962147e+01     2.277766310e-01  
   3.075626095e+02     2.703236347e-02     3.910356419e-02    -1.218045292e-01     1.635309567e-01    -2.277766310e-01     5.413899205e+02  
