   1.337680005e+03     3.090225929e-02     4.142933009e-02    -6.702546137e-01     1.180807905e+01     1.777025090e+02     2.324563002e+03  
  -2.661605486e-02     7.214847877e-04     1.603306792e-04     3.595222754e-04    -5.683763871e-03    -5.650349821e-03    -3.847749998e-02  
   4.121376011e-02    -1.603306792e-04     2.648861468e-02     9.850706489e-03    -1.383316995e-03     2.322139849e-02    -3.488367551e-03  
  -7.008465546e-01    -3.595222754e-04    -9.850706489e-03     6.305100773e-01     6.329366942e-03    -1.136803143e-03    -2.616275557e-03  
   1.183720862e+01     5.683763871e-03     1.383316995e-03    -6.329366942e-03     1.452213231e+01    -1.920220696e-02     2.791232536e-03  
   1.770309332e+02     5.650349821e-03    -2.322139849e-02     1.136803143e-03     1.920220696e-02     2.898264665e+02    -4.403726914e-01  
   2.322075125e+03     3.847749998e-02     3.488367551e-03     2.616275557e-03    -2.791232536e-03     4.403726914e-01     4.429174409e+03  
