   2.411361950e+01    -5.160378578e-02     5.648661020e-02     2.350459928e-01    -7.130493380e-01    -2.216904809e+00     6.851874520e+00     2.770995892e+01    -4.322299462e+00  
  -2.560022188e-02     3.954265694e-02    -1.085207298e-02     3.601683155e-02    -8.153121191e-02     7.691372935e-02     1.645347473e-02    -3.699214594e-04     1.335566445e-02  
   3.796991719e-02     1.085207298e-02     3.350110235e-02     2.745353013e-02    -5.724805618e-02     1.083252932e-01     1.176812862e-01    -4.839383398e-02    -4.930352098e-01  
   1.322649491e-01    -3.601683155e-02    -2.745353013e-02     1.564000729e-01     2.227955919e-03     1.032766584e-01    -1.175825287e-02     2.833534280e-02     8.524685272e-01  
  -8.060061195e-01     8.153121191e-02     5.724805618e-02    -2.227955919e-03     9.612935443e-01     3.524843150e-02    -2.428322571e-01     1.059056484e-01     6.540405751e-02  
  -2.512656030e+00    -7.691372935e-02    -1.083252932e-01    -1.032766584e-01    -3.524843150e-02     3.484368019e+00    -1.522195426e-01     1.923799415e-01    -2.279588185e-01  
   5.658430895e+00    -1.645347473e-02    -1.176812862e-01     1.175825287e-02     2.428322571e-01     1.522195426e-01     1.545123955e+01    -1.128363082e-01     4.299347481e+00  
   2.973478183e+01     3.699214594e-04     4.839383398e-02    -2.833534280e-02    -1.059056484e-01    -1.923799415e-01     1.128363082e-01     4.348487107e+01    -2.004410282e+00  
  -6.093735744e+00    -1.335566445e-02     4.930352098e-01    -8.524685272e-01    -6.540405751e-02     2.279588185e-01    -4.299347481e+00     2.004410282e+00     3.197766046e+02  
