   1.854875194e+02     5.009188634e-03     5.099846370e-02     3.685984963e-01    -2.931643185e+00    -2.398697857e+01     2.720201837e+02    -3.990108510e-01    -6.987819985e+00  
   7.329629947e-03     2.378595681e-03    -5.513596019e-04     2.226518940e-03    -2.890109190e-03     8.070118056e-03     4.363946230e-03    -4.145153407e-03     4.240391701e-01  
   4.546060131e-02     5.513596019e-04     3.184063617e-02    -4.508904413e-04     1.327535953e-03     9.567001533e-04     6.340191317e-04    -2.083092074e-01    -1.119628132e+00  
   3.938202323e-01    -2.226518940e-03     4.508904413e-04     3.513864492e-01    -4.998753274e-04     2.249759508e-03     1.983589018e-03    -1.066602553e-01    -1.478251070e-01  
  -3.081993632e+00     2.890109190e-03    -1.327535953e-03     4.998753274e-04     3.642198307e+00    -6.008064694e-04     1.036311066e-03    -1.819312206e+00    -9.267578532e-01  
  -2.430680703e+01    -8.070118056e-03    -9.567001533e-04    -2.249759508e-03     6.008064694e-04     3.654619082e+01     1.058411021e-03    -1.415677314e+00     5.049578289e-01  
   2.724720422e+02    -4.363946230e-03    -6.340191317e-04    -1.983589018e-03    -1.036311066e-03    -1.058411021e-03     4.450247445e+02    -2.453384694e+00    -6.181553138e-01  
   2.393424772e-01     4.145153407e-03     2.083092074e-01     1.066602553e-01     1.819312206e+00     1.415677314e+00     2.453384694e+00     2.219696740e+03     1.737192866e+03  
   3.157647662e+00    -4.240391701e-01     1.119628132e+00     1.478251070e-01     9.267578532e-01    -5.049578289e-01     6.181553138e-01    -1.737192866e+03     1.779594685e+04  
