   1.336001236e+03     8.327012597e-04     1.850437200e-02     2.551111749e-01    -1.633145039e+00    -1.334317304e+01     1.679873833e+02     2.220503467e+03     6.274743471e+02  
   1.201373526e-03     3.255713119e-04     7.479820269e-04     9.622039233e-04     4.244713713e-03     1.695553959e-03     3.285529356e-03     6.747855987e-04    -1.438594464e-02  
   1.833763990e-02    -7.479820269e-04     1.019983144e-02     1.424663343e-03    -1.396013858e-03     1.513710400e-03    -1.200000492e-03     2.546571249e-03    -6.346355413e-03  
   2.505216232e-01    -9.622039233e-04    -1.424663343e-03     2.206513179e-01     2.264501892e-03     1.384732978e-03     4.388201136e-03    -4.079418273e-04     8.966352942e-01  
  -1.625490033e+00    -4.244713713e-03     1.396013858e-03    -2.264501892e-03     2.218067915e+00     1.249881655e-03     2.492691255e-03     1.116974352e-03     3.148593152e-01  
  -1.341603354e+01    -1.695553959e-03    -1.513710400e-03    -1.384732978e-03    -1.249881655e-03     1.772222827e+01     3.888513884e-03    -4.419826829e-04     1.010943758e+01  
   1.681791208e+02    -3.285529356e-03     1.200000492e-03    -4.388201136e-03    -2.492691255e-03    -3.888513884e-03     2.791773578e+02     8.375329283e-04     2.176129857e+01  
   2.220869075e+03    -6.747855987e-04    -2.546571249e-03     4.079418273e-04    -1.116974352e-03     4.419826829e-04    -8.375329283e-04     4.043272386e+03     3.460867464e+00  
   6.092393550e+02     1.438594464e-02     6.346355413e-03    -8.966352942e-01    -3.148593152e-01    -1.010943758e+01    -2.176129857e+01    -3.460867464e+00     1.088614042e+05  
