7.516179005e-03 5.718333878e-02 -1.719289920e-02 1.450991703e-02 1.289769234e-02 -6.431178653e-03 -5.829804226e-03 
8.649402629e-02 1.057981010e+00 -3.679418900e-01 1.926648661e-01 8.258700591e-02 -2.360923412e-02 -6.928026902e-02 
7.106521422e-02 3.679418900e-01 2.912729256e-01 1.477972020e-01 9.051107859e-02 2.155144208e-02 -7.975132369e-02 
-1.413586828e-02 -1.926648661e-01 -1.477972020e-01 8.363204670e-04 5.394466834e-02 -2.092157165e-02 8.603874527e-03 
-1.289692091e-02 -8.258700591e-02 -9.051107859e-02 -5.394466834e-02 9.738474113e-06 -3.277938112e-02 2.530550239e-02 
6.424166343e-03 2.360923412e-02 -2.155144208e-02 2.092157165e-02 3.277938112e-02 1.536846544e-06 -6.328342554e-03 
5.829610967e-03 6.928026902e-02 7.975132369e-02 -8.603874527e-03 -2.530550239e-02 6.328342554e-03 4.992183997e-09 
