7.047201179e-04 1.589917816e-02 -3.304986509e-03 1.479576453e-03 8.789254868e-04 -2.136129970e-04 -3.727356191e-04 
1.243576741e-02 3.163751033e-01 -5.486735160e-02 3.119129696e-02 7.193106910e-03 -1.813354226e-03 -1.016991122e-02 
5.628177719e-03 5.486735160e-02 2.008991636e-02 2.975458669e-02 2.601296789e-02 5.399403417e-03 -9.511848501e-03 
-1.493899494e-03 -3.119129696e-02 -2.975458669e-02 5.795809002e-05 8.547798377e-03 -1.643607218e-03 1.712430175e-03 
-8.678865753e-04 -7.193106910e-03 -2.601296789e-02 -8.547798377e-03 1.747830007e-05 -3.340708944e-03 4.382612111e-03 
2.130066549e-04 1.813354226e-03 -5.399403417e-03 1.643607218e-03 3.340708944e-03 1.623599182e-06 -1.327543101e-04 
3.726153128e-04 1.016991122e-02 9.511848501e-03 -1.712430175e-03 -4.382612111e-03 1.327543101e-04 8.661116831e-08 
