3.047173120e-02 -5.543346212e-01 4.154098078e-01 -4.665516385e-01 1.060247857e-01 -1.796019742e-02 6.500428711e-02 6.606093293e-03 1.960046012e-02 
3.911124969e-01 2.666545298e+01 2.189210305e-01 -2.138865678e+00 4.469397753e-01 -5.496754794e-02 -1.156122399e-01 -1.784478867e-02 1.399148758e-01 
-1.349654933e-01 -2.189210305e-01 8.342475332e+00 2.348180108e+00 -8.882168261e-01 -1.393708373e-01 1.134372399e-01 -1.185821956e-01 1.705075229e-01 
1.900712205e-01 2.138865678e+00 -2.348180108e+00 1.872853021e+00 9.487603951e-01 -5.463711295e-03 -2.121836385e-01 -1.126639175e-01 -2.877578947e-02 
3.508839219e-02 -4.469397753e-01 8.882168261e-01 -9.487603951e-01 4.309709672e-01 -7.628010721e-02 2.476868521e-01 6.309446250e-03 8.855836090e-02 
1.881481101e-02 5.496754794e-02 1.393708373e-01 5.463711295e-03 7.628010721e-02 1.324939374e-03 -7.746578187e-03 7.563708304e-03 -6.997051791e-03 
-6.461945998e-02 1.156122399e-01 -1.134372399e-01 2.121836385e-01 -2.476868521e-01 7.746578187e-03 2.432920038e-04 1.214719965e-02 -5.895441160e-03 
-8.769315118e-03 1.784478867e-02 1.185821956e-01 1.126639175e-01 -6.309446250e-03 -7.563708304e-03 -1.214719965e-02 1.201598136e-03 4.842251050e-03 
-2.022471380e-02 -1.399148758e-01 -1.705075229e-01 2.877578947e-02 -8.855836090e-02 6.997051791e-03 5.895441160e-03 -4.842251050e-03 1.550412664e-04 
