2.462110817e-03 3.321603022e-02 -4.249993507e-03 5.123953437e-03 4.262587022e-03 -1.247789013e-03 -1.555816013e-03 
4.048268817e-02 7.991647274e-01 -1.504368746e-01 8.111324589e-02 3.054583610e-02 -3.145426721e-03 -2.742700306e-02 
2.640885491e-02 1.504368746e-01 1.618867703e-01 7.132350067e-02 5.880564335e-02 8.677131247e-03 -2.932543647e-02 
-5.175647655e-03 -8.111324589e-02 -7.132350067e-02 3.410636600e-04 1.525199900e-02 -9.114485177e-03 -3.836706891e-04 
-4.259094126e-03 -3.054583610e-02 -5.880564335e-02 -1.525199900e-02 9.697239556e-06 -1.051958913e-02 7.675472800e-03 
1.247367909e-03 3.145426721e-03 -8.677131247e-03 9.114485177e-03 1.051958913e-02 1.669353379e-06 -4.605095045e-03 
1.555843812e-03 2.742700306e-02 2.932543647e-02 3.836706891e-04 -7.675472800e-03 4.605095045e-03 2.593463287e-09 
