5.389434638e-02 5.479893805e-01 1.090761480e-01 6.406631675e-02 1.869817094e-02 -2.090264846e-03 -1.952199135e-02 
-5.520260482e-02 1.582760733e+00 -9.921323728e-01 1.703996191e-01 9.979956993e-02 -3.920724086e-02 2.762429233e-02 
5.131305121e-02 9.921323728e-01 5.638157204e-01 3.948468956e-01 6.987817737e-02 7.197773901e-02 -1.751232593e-01 
-6.367017527e-02 -1.703996191e-01 -3.948468956e-01 1.763657539e-03 -3.431104173e-03 2.784064919e-02 -1.384954341e-03 
-1.869944315e-02 -9.979956993e-02 -6.987817737e-02 3.431104173e-03 9.434631948e-08 -2.790821795e-03 5.204647757e-03 
2.193145721e-03 3.920724086e-02 -7.197773901e-02 -2.784064919e-02 2.790821795e-03 1.569619455e-06 -2.065530905e-03 
1.952543457e-02 -2.762429233e-02 1.751232593e-01 1.384954341e-03 -5.204647757e-03 2.065530905e-03 1.600552386e-09 
