9.826916165e+00 -2.267459116e+00 2.240727256e+00 8.777758498e-01 -8.542988428e+01 -6.252961116e+00 1.105017584e+00 1.893648366e+00 -6.212768327e+00 
-2.267459116e+00 2.724171205e+00 -7.954009026e-01 -4.123620048e-01 2.702321970e+01 1.801372797e+00 -4.097025819e-01 -4.731084984e-01 2.230153225e-01 
2.240727256e+00 -7.954009026e-01 2.973127455e+00 6.178545628e-01 -2.974171492e+01 -1.735256270e+00 4.816510220e-01 3.708392025e-01 1.389746625e+00 
8.777758498e-01 -4.123620048e-01 6.178545628e-01 2.557170622e+00 -1.614051863e+01 -8.495063364e-01 6.259262707e-01 -4.262419886e-02 6.570604451e+00 
-8.542988428e+01 2.702321970e+01 -2.974171492e+01 -1.614051863e+01 1.029433346e+03 6.801967891e+01 -1.604933967e+01 -1.747452675e+01 -6.321208684e-03 
-6.252961116e+00 1.801372797e+00 -1.735256270e+00 -8.495063364e-01 6.801967891e+01 7.130652054e+00 -1.128658425e+00 -1.415169275e+00 2.246044474e+00 
1.105017584e+00 -4.097025819e-01 4.816510220e-01 6.259262707e-01 -1.604933967e+01 -1.128658425e+00 2.250304283e+00 1.896828560e-01 4.315746564e+00 
1.893648366e+00 -4.731084984e-01 3.708392025e-01 -4.262419886e-02 -1.747452675e+01 -1.415169275e+00 1.896828560e-01 1.733023082e+00 2.940828480e+00 
-6.212768327e+00 2.230153225e-01 1.389746625e+00 6.570604451e+00 -6.321208684e-03 2.246044474e+00 4.315746564e+00 2.940828480e+00 1.044426251e+03 
