9.929088469e+00 5.049922995e-01 2.021271929e-01 3.211402593e+00 -2.096743296e+01 1.859549021e-01 1.453102313e+00 -6.962049265e-01 3.670692980e-02 
5.049922995e-01 6.030110703e+00 3.970637818e-02 -1.022771928e-01 -1.296525236e+00 5.903922930e-02 1.072996055e-01 8.086945235e-03 3.496171357e-03 
2.021271929e-01 3.970637818e-02 6.032315653e+00 3.623300900e-01 -1.692501333e+00 7.616601596e-03 4.491902797e-02 -2.471364874e-02 2.752328547e-03 
3.211402593e+00 -1.022771928e-01 3.623300900e-01 3.158209111e+00 -3.402816244e+00 5.903781716e-01 1.850860063e-03 7.645165875e-01 2.000058454e-02 
-2.096743296e+01 -1.296525236e+00 -1.692501333e+00 -3.402816244e+00 8.344308502e+01 -2.188103508e+00 -4.290979552e+00 7.675416743e-03 -1.732986256e-01 
1.859549021e-01 5.903922930e-02 7.616601596e-03 5.903781716e-01 -2.188103508e+00 6.112055006e+00 -9.060207010e-02 4.381453588e-01 4.850767552e-03 
1.453102313e+00 1.072996055e-01 4.491902797e-02 1.850860063e-03 -4.290979552e+00 -9.060207010e-02 4.990816419e-01 6.177914402e-01 2.903552409e-02 
-6.962049265e-01 8.086945235e-03 -2.471364874e-02 7.645165875e-01 7.675416743e-03 4.381453588e-01 6.177914402e-01 9.009648680e+01 1.984781652e-01 
3.670692980e-02 3.496171357e-03 2.752328547e-03 2.000058454e-02 -1.732986256e-01 4.850767552e-03 2.903552409e-02 1.984781652e-01 6.018494575e+00 
