2.174568088e+00 2.391259524e-01 5.212987723e-01 -4.806326114e-01 -5.848634731e+02 6.624565865e-02 -6.181305131e-04 -3.546399502e-01 -7.085098525e+00 
2.391259524e-01 1.053050716e+00 9.509456110e-02 -6.261866029e-02 -1.109031425e+02 1.673505036e-02 5.381309014e-03 -5.702326398e-02 -4.268938810e-01 
5.212987723e-01 9.509456110e-02 1.166896731e+00 -7.710030571e-02 -2.213440574e+02 4.461881184e-02 1.642611787e-02 -1.085613084e-01 -1.344298149e-01 
-4.806326114e-01 -6.261866029e-02 -7.710030571e-02 6.693012799e-01 8.057467738e+01 -9.112510588e-02 -5.883330926e-02 -2.067413111e-02 -8.033652126e+00 
-5.848634731e+02 -1.109031425e+02 -2.213440574e+02 8.057467738e+01 2.462028726e+05 -5.102467928e+01 -1.889117155e+01 1.222349746e+02 1.521829966e-04 
6.624565865e-02 1.673505036e-02 4.461881184e-02 -9.112510588e-02 -5.102467928e+01 9.938134377e-01 -2.774158088e-02 -8.836657605e-02 -4.609359891e+00 
-6.181305131e-04 5.381309014e-03 1.642611787e-02 -5.883330926e-02 -1.889117155e+01 -2.774158088e-02 9.684169228e-01 2.018992780e-02 3.135054187e+00 
-3.546399502e-01 -5.702326398e-02 -1.085613084e-01 -2.067413111e-02 1.222349746e+02 -8.836657605e-02 2.018992780e-02 1.307757631e-01 -6.129107786e+00 
-7.085098525e+00 -4.268938810e-01 -1.344298149e-01 -8.033652126e+00 1.521829866e-04 -4.609359891e+00 3.135054187e+00 -6.129107786e+00 2.462043802e+05 
