9.331543706e+00 -2.364818198e+00 2.836467172e+00 1.952930072e-01 -6.646092725e+01 -2.937631738e+00 1.154029889e+00 1.754684860e+00 -3.520190375e+00 
-2.364818198e+00 1.823845483e+00 -1.051508013e+00 -4.026761787e-01 2.277723788e+01 1.009811518e+00 -4.317295463e-01 -4.575045762e-01 -2.752433571e-02 
2.836467172e+00 -1.051508013e+00 2.367442377e+00 6.170862695e-01 -2.897656780e+01 -1.268631560e+00 5.511178899e-01 5.275141976e-01 4.174502476e-01 
1.952930072e-01 -4.026761787e-01 6.170862695e-01 1.968363082e+00 -1.101920361e+01 -6.465347684e-01 3.726072961e-01 -2.355759555e-02 2.805865896e+00 
-6.646092725e+01 2.277723788e+01 -2.897656780e+01 -1.101920361e+01 6.350508508e+02 2.844396255e+01 -1.217677432e+01 -1.299967393e+01 -4.513338169e-03 
-2.937631738e+00 1.009811518e+00 -1.268631560e+00 -6.465347684e-01 2.844396255e+01 2.410343290e+00 -6.220192842e-01 -5.907146287e-01 -3.837342388e-01 
1.154029889e+00 -4.317295463e-01 5.511178899e-01 3.726072961e-01 -1.217677432e+01 -6.220192842e-01 1.262054860e+00 2.453733990e-01 1.450327233e+00 
1.754684860e+00 -4.575045762e-01 5.275141976e-01 -2.355759555e-02 -1.299967393e+01 -5.907146287e-01 2.453733990e-01 1.885556510e+00 2.240142153e+00 
-3.520190375e+00 -2.752433571e-02 4.174502476e-01 2.805865896e+00 -4.513338169e-03 -3.837342388e-01 1.450327233e+00 2.240142153e+00 6.469799829e+02 
