3.007446223e-04 -1.756811005e-04 -3.716711048e-05 -6.539451363e-04 3.233322301e-05 1.544688598e-02 6.017935030e-02 6.283916245e-01 4.120010126e-02 
1.756811005e-04 1.672835736e-50 1.984911936e-05 -1.727531867e-04 -7.100406095e-05 9.183774676e-04 7.657896301e-05 3.739805817e-04 -2.438270087e+00 
3.716711048e-05 -1.984911936e-05 1.896933447e-50 1.935753555e-04 -6.732085531e-06 2.839743591e-04 -3.186189745e-02 -2.274603659e-02 -2.813375866e-02 
6.539451363e-04 1.727531867e-04 -1.935753555e-04 2.043220314e-50 1.204205906e-04 4.128685360e-03 8.080928687e-03 -6.244298951e-01 -2.250753063e-03 
-3.233322301e-05 7.100406095e-05 6.732085531e-06 -1.204205906e-04 1.997677976e-50 -2.722574053e-03 2.151216779e-03 -1.966347498e-01 -2.643799979e-02 
-1.542362438e-02 -9.183774676e-04 -2.839743591e-04 -4.128685360e-03 2.722574053e-03 1.187295361e-01 -7.470733420e-02 3.697025018e-01 5.691086708e-03 
-6.015370470e-02 -7.657896301e-05 3.186189745e-02 -8.080928687e-03 -2.151216779e-03 7.470733420e-02 1.315614358e-01 -5.709154950e-02 -1.104046030e-03 
-6.291476880e-01 -3.739805817e-04 2.274603659e-02 6.244298951e-01 1.966347498e-01 -3.697025018e-01 5.709154950e-02 1.926508020e+00 6.018536417e-04 
-4.095198743e-02 2.438270087e+00 2.813375866e-02 2.250753063e-03 2.643799979e-02 -5.691086708e-03 1.104046030e-03 -6.018536417e-04 1.027794328e+01 
