1.174005469e+01 4.609383510e-01 1.145802331e-01 4.531338622e+00 -6.332926503e+01 2.906132639e-02 1.676280192e+00 7.439044971e-02 -5.453744124e+00 
4.609383510e-01 8.020145525e+00 -5.107545036e-03 -1.676520749e-02 -3.965210574e+00 5.923949910e-02 6.315746269e-02 1.257324172e-02 2.128281830e-01 
1.145802331e-01 -5.107545036e-03 7.985396867e+00 -6.814385258e-02 -2.089856134e-01 2.954474347e-02 -7.543554302e-02 4.923873337e-03 4.913631647e-01 
4.531338622e+00 -1.676520749e-02 -6.814385258e-02 4.290946706e+00 -1.487979660e+01 8.950380600e-01 -2.573365291e-04 1.379127077e-01 6.043559038e+00 
-6.332926503e+01 -3.965210574e+00 -2.089856134e-01 -1.487979660e+01 6.600464424e+02 -6.445778435e+00 -1.325481247e+01 -1.612657105e+00 -5.131873221e-03 
2.906132639e-02 5.923949910e-02 2.954474347e-02 8.950380600e-01 -6.445778435e+00 7.964355094e+00 -2.487874803e-01 5.682827282e-03 2.171087107e+00 
1.676280192e+00 6.315746269e-02 -7.543554302e-02 -2.573365291e-04 -1.325481247e+01 -2.487874803e-01 5.781723781e-01 3.790899177e-02 2.230783154e+00 
7.439044971e-02 1.257324172e-02 4.923873337e-03 1.379127077e-01 -1.612657105e+00 5.682827282e-03 3.790899177e-02 8.006679301e+00 6.317014770e-01 
-5.453744124e+00 2.128281830e-01 4.913631647e-01 6.043559038e+00 -5.131873221e-03 2.171087107e+00 2.230783154e+00 6.317014770e-01 6.674853714e+02 
