9.614398507e+00 3.135070437e+00 -7.671378597e+01 1.735602924e+00 1.714698332e+00 2.890467900e+00 5.575432308e-01 9.470688232e-01 -3.735584964e+00 
3.135070437e+00 4.544217935e+00 -3.397149899e+01 4.732919151e-01 7.399091881e-01 1.061004366e+00 3.747063601e-01 3.411676661e-01 9.981155189e-02 
-7.671378597e+01 -3.397149899e+01 8.434075850e+02 -1.156971672e+01 -1.799383197e+01 -2.638340659e+01 -8.956255083e+00 -8.536600360e+00 -7.512380974e-02 
1.735602924e+00 4.732919151e-01 -1.156971672e+01 1.590972465e+00 1.684900580e-01 1.221353215e-01 5.373920341e-01 4.370353203e-02 4.076328627e+00 
1.714698332e+00 7.399091881e-01 -1.799383197e+01 1.684900580e-01 3.279561962e+00 3.403798329e-01 2.425281261e-01 1.057684666e-01 1.139844783e+00 
2.890467900e+00 1.061004366e+00 -2.638340659e+01 1.221353215e-01 3.403798329e-01 4.240606065e+00 3.459934319e-01 3.356845576e-01 -1.921001455e+00 
5.575432308e-01 3.747063601e-01 -8.956255083e+00 5.373920341e-01 2.425281261e-01 3.459934319e-01 2.922313501e+00 1.146166895e-02 4.996031577e+00 
9.470688232e-01 3.411676661e-01 -8.536600360e+00 4.370353203e-02 1.057684666e-01 3.356845576e-01 1.146166895e-02 6.932830204e-01 2.673306179e+00 
-3.735584964e+00 9.981155189e-02 -7.512380974e-02 4.076328627e+00 1.139844783e+00 -1.921001455e+00 4.996031577e+00 2.673306179e+00 8.538357396e+02 
