9.685571042e-05 -9.511560901e-05 -1.252927999e-04 2.589428280e-04 6.411335936e-04 9.102242634e-02 3.878319172e-01 8.222534173e-01 1.145554093e-01 
9.511558095e-05 1.207483980e-16 -1.624308751e-04 1.394580925e-04 1.096149699e-05 3.056487364e-02 -1.776632764e-02 4.426484437e-02 -7.702050758e-02 
1.252931497e-04 1.624308751e-04 4.390347370e-15 1.801122386e-05 -1.188203759e-04 -4.282527154e-02 3.324658445e-02 5.958604117e-02 2.402573545e-02 
-2.589425537e-04 -1.394580925e-04 -1.801122386e-05 1.936425209e-14 3.986427792e-04 6.809638715e-03 -4.642971997e-01 -9.157069149e-04 -1.398363317e-02 
-6.411337982e-04 -1.096149699e-05 1.188203759e-04 -3.986427792e-04 1.733546226e-14 1.155998289e-04 1.787252961e-04 -2.635310547e+00 -3.828501668e-02 
-9.108832482e-02 -3.056487364e-02 4.282527154e-02 -6.809638715e-03 -1.155998289e-04 3.890202213e-01 -1.390904081e-02 -1.376838896e-02 -3.207036871e-01 
-3.860823923e-01 1.776632764e-02 -3.324658445e-02 4.642971997e-01 -1.787252961e-04 1.390904081e-02 1.137483298e+00 1.668709620e-02 -4.441451336e-02 
-8.221724125e-01 -4.426484437e-02 -5.958604117e-02 9.157069149e-04 2.635310547e+00 1.376838896e-02 -1.668709620e-02 1.567171256e+01 8.410523241e-02 
-1.145265857e-01 7.702050758e-02 -2.402573545e-02 1.398363317e-02 3.828501668e-02 3.207036871e-01 4.441451336e-02 -8.410523241e-02 2.217291266e+01 
