2.463962302e-04 -2.645800644e-06 -2.098885451e-04 -6.887288282e-04 -4.383121757e-04 8.731408863e-03 1.168501410e-01 6.128628654e-01 3.451662555e-01 
2.645800644e-06 1.024143732e-50 4.325438515e-05 -2.207454798e-04 -2.592654268e-06 -2.158591349e-03 6.540063921e-03 -5.231194301e-03 -9.562147907e-02 
2.098885451e-04 -4.325438515e-05 8.886843186e-51 1.455248968e-04 6.682992181e-05 2.435833660e-03 -3.630924901e-02 -4.462470337e-02 1.146170041e-01 
6.887288282e-04 2.207454798e-04 -1.455248968e-04 9.197575739e-51 2.876886652e-04 -1.182196401e-02 -1.381853073e-02 -5.794251610e-01 -4.607905888e-03 
4.383121757e-04 2.592654268e-06 -6.682992181e-05 -2.876886652e-04 1.148452778e-50 2.870494560e-04 4.458607571e-04 -7.038878601e-04 -2.676536586e+00 
-8.830365439e-03 2.158591349e-03 -2.435833660e-03 1.182196401e-02 -2.870494560e-04 1.395306152e-02 -5.656331388e-02 1.928592739e-01 -1.134789904e-01 
-1.170766383e-01 -6.540063921e-03 3.630924901e-02 1.381853073e-02 -4.458607571e-04 5.656331388e-02 2.714463412e-01 4.359213996e-02 2.280496888e-02 
-6.197108661e-01 5.231194301e-03 4.462470337e-02 5.794251610e-01 7.038878601e-04 -1.928592739e-01 -4.359213996e-02 1.778776029e+00 -6.412613258e-04 
-3.466898762e-01 9.562147907e-02 -1.146170041e-01 4.607905888e-03 2.676536586e+00 1.134789904e-01 -2.280496888e-02 6.412613258e-04 1.213184815e+01 
