1.829844052e-04 5.463019063e-05 -3.548751040e-04 -4.442731853e-04 -1.472431450e-05 9.453079067e-02 6.168968416e-01 8.960639354e-02 2.399963605e-01 
-5.463136759e-05 3.781413076e-12 4.443653718e-05 -7.017594936e-06 5.143499912e-05 -2.675613112e-04 6.027362183e-04 -2.391099445e-02 3.604153468e-02 
3.548600890e-04 -4.443653718e-05 8.230017582e-11 -6.850806072e-05 -1.225647222e-06 -5.378478634e-02 -3.640535787e-02 -9.205584296e-04 -9.028619625e-03 
4.442945165e-04 7.017594936e-06 6.850806072e-05 1.004065383e-09 -5.261957020e-05 -1.537845830e-03 -8.092892325e-01 7.499322123e-03 4.250356003e-04 
1.487701295e-05 -5.143499912e-05 1.225647222e-06 5.261957020e-05 4.727244087e-08 1.432303282e-04 8.333415602e-05 -5.771292265e-04 -2.074244627e+00 
-9.449838521e-02 2.675613112e-04 5.378478634e-02 1.537845830e-03 -1.432303282e-04 2.538608276e-01 -2.332425890e-03 -5.383064500e-02 -3.745531751e-04 
-6.168124297e-01 -6.027362183e-04 3.640535787e-02 8.092892325e-01 -8.333415602e-05 2.332425890e-03 1.942217266e+00 -7.236053865e-03 -1.704455760e-04 
-8.942879524e-02 2.391099445e-02 9.205584296e-04 -7.499322123e-03 5.771292265e-04 5.383064500e-02 7.236053865e-03 3.704482346e+00 -2.259090989e-03 
-2.398287450e-01 -3.604153468e-02 9.028619625e-03 -4.250356003e-04 2.074244627e+00 3.745531751e-04 1.704455760e-04 2.259090989e-03 6.506337080e+00 
