1.653795560e+01 -5.573811888e-01 -7.915574604e-02 6.400088300e+00 -1.216790361e+02 1.288993033e-01 1.765944131e+00 9.647226573e-02 -5.511472007e+00 
-5.573811888e-01 1.203957714e+01 2.151493195e-04 -1.668273679e-01 9.032911667e+00 -5.805163146e-02 -1.089486236e-01 -1.087616726e-02 8.399143069e-02 
-7.915574604e-02 2.151493195e-04 1.198022347e+01 9.928330442e-02 5.509105316e-01 -1.572826267e-03 -1.187927997e-01 -1.526589922e-03 3.997743163e-01 
6.400088300e+00 -1.668273679e-01 9.928330442e-02 5.143922894e+00 -2.437562640e+01 1.238743888e+00 -1.153357575e-03 1.115530845e-01 6.745718059e+00 
-1.216790361e+02 9.032911667e+00 5.509105316e-01 -2.437562640e+01 1.905313075e+03 -1.364179239e+01 -2.128801343e+01 -2.359311206e+00 1.933486122e-03 
1.288993033e-01 -5.805163146e-02 -1.572826267e-03 1.238743888e+00 -1.364179239e+01 1.200885724e+01 -3.044570847e-01 8.107328169e-03 3.380747692e+00 
1.765944131e+00 -1.089486236e-01 -1.187927997e-01 -1.153357575e-03 -2.128801343e+01 -3.044570847e-01 5.387686886e-01 1.475775703e-02 3.939913113e+00 
9.647226573e-02 -1.087616726e-02 -1.526589922e-03 1.115530845e-01 -2.359311206e+00 8.107328169e-03 1.475775703e-02 1.200226118e+01 4.660163700e-01 
-5.511472007e+00 8.399143069e-02 3.997743163e-01 6.745718059e+00 1.933486122e-03 3.380747692e+00 3.939913113e+00 4.660163700e-01 1.914461539e+03 
