1.681955582e-04 -1.520798337e-04 -1.153916648e-04 1.198071382e-05 9.075510110e-05 -1.166385754e-02 1.002476083e-01 4.126768961e-01 3.620346339e-01 
1.523699267e-04 4.125741519e-09 -6.128123925e-05 -5.581442086e-05 -5.261464378e-05 -4.129476704e-03 -3.069426270e-02 1.001596650e-01 1.324622362e-01 
1.153915478e-04 6.128123925e-05 1.256721547e-15 -1.656711361e-04 1.009006215e-04 7.565756384e-04 -4.539629285e-02 1.039121482e-01 7.544598694e-02 
-1.198071382e-05 5.581442086e-05 1.656711361e-04 2.191824325e-64 -2.310625652e-04 -1.021030291e-03 -3.999469974e-03 -4.376966709e-01 -2.523651550e-03 
-9.075519579e-05 5.261464378e-05 -1.009006215e-04 2.310625652e-04 1.360641200e-15 -1.174196300e-03 -6.687870975e-04 -6.159777623e-04 -1.357593666e+00 
1.168532306e-02 4.129476704e-03 -7.565756384e-04 1.021030291e-03 1.174196300e-03 1.707293752e-01 3.714458568e-02 5.321574724e-02 -1.414251590e-01 
-9.968878401e-02 3.069426270e-02 4.539629285e-02 3.999469974e-03 6.687870975e-04 -3.714458568e-02 4.731439672e-01 -2.578837188e-03 1.932164630e-03 
-4.123525154e-01 -1.001596650e-01 -1.039121482e-01 4.376966709e-01 6.159777623e-04 -5.321574724e-02 2.578837188e-03 1.125657163e+00 4.214347312e-04 
-3.620119458e-01 -1.324622362e-01 -7.544598694e-02 2.523651550e-03 1.357593666e+00 1.414251590e-01 -1.932164630e-03 -4.214347312e-04 4.804823890e+00 
