1.921704368e-04 -1.521362536e-05 -1.498160260e-04 2.688863265e-04 -3.617912166e-05 1.520540191e-01 6.409510195e-02 6.415474704e-01 1.554146709e-01 
1.521362012e-05 2.782887507e-17 7.620136311e-06 -4.487092835e-05 2.246864126e-05 3.925856546e-03 -1.748354391e-02 -1.834712250e-03 -1.159383245e-02 
1.498160435e-04 -7.620136311e-06 2.337277960e-15 -1.790115783e-04 -1.591673539e-06 -8.925612314e-02 2.125962880e-05 8.716434295e-04 -1.338693580e-03 
-2.690380374e-04 4.487092835e-05 1.790115783e-04 1.054283840e-08 4.068179096e-05 -4.547082968e-04 2.375149479e-03 -9.800275763e-01 1.960640802e-05 
3.617915245e-05 -2.246864126e-05 1.591673539e-06 -4.068179096e-05 1.593171350e-13 -1.615472389e-04 -2.669792976e-04 -9.217524932e-05 -2.277633982e+00 
-1.520579693e-01 -3.925856546e-03 8.925612314e-02 4.547082968e-04 1.615472389e-04 5.738610532e-01 -1.274415323e-01 4.875115133e-03 2.960374047e-04 
-6.413045952e-02 1.748354391e-02 -2.125962880e-05 -2.375149479e-03 2.669792976e-04 1.274415323e-01 1.821335715e+00 -7.886311620e-03 -3.347521311e-04 
-6.429811962e-01 1.834712250e-03 -8.716434295e-04 9.800275763e-01 9.217524932e-05 -4.875115133e-03 7.886311620e-03 2.132898848e+00 -3.690413785e-05 
-1.557129428e-01 1.159383245e-02 1.338693580e-03 -1.960640802e-05 2.277633982e+00 -2.960374047e-04 3.347521311e-04 3.690413785e-05 6.857859944e+00 
