1.441264769e+01 3.616894446e+00 3.086695001e+00 6.213279479e+00 -4.431999838e+01 6.000512945e+00 9.829155599e-01 1.088224903e-01 -5.785251120e-01 
3.616894446e+00 1.905105374e+00 4.816400630e-01 9.692628743e-01 -1.010395534e+01 7.351412713e-01 5.683357644e-01 1.563574548e-02 3.255954590e-01 
3.086695001e+00 4.816400630e-01 4.672336623e+00 1.274447176e+00 -1.164529968e+01 1.431215530e+00 3.306368873e-01 -1.478211390e-02 2.276231448e-01 
6.213279479e+00 9.692628743e-01 1.274447176e+00 7.757964302e+00 -2.369242830e+01 2.979912209e+00 6.558741630e-01 8.174272267e-03 1.276085051e-01 
-4.431999838e+01 -1.010395534e+01 -1.164529968e+01 -2.369242830e+01 1.795584387e+02 -2.264502339e+01 -4.510400964e+00 -1.689965930e-01 -6.210608642e-02 
6.000512945e+00 7.351412713e-01 1.431215530e+00 2.979912209e+00 -2.264502339e+01 7.332742858e+00 7.172582348e-01 -2.601756232e-02 -1.178802608e+00 
9.829155599e-01 5.683357644e-01 3.306368873e-01 6.558741630e-01 -4.510400964e+00 7.172582348e-01 3.588398375e+00 1.217141567e-01 2.502848716e+00 
1.088224903e-01 1.563574548e-02 -1.478211390e-02 8.174272267e-03 -1.689965930e-01 -2.601756232e-02 1.217141567e-01 5.019511888e-01 1.068362703e-01 
-5.785251120e-01 3.255954590e-01 2.276231448e-01 1.276085051e-01 -6.210608642e-02 -1.178802608e+00 2.502848716e+00 1.068362703e-01 1.984388060e+02 
