1.083079848e+01 -5.765224342e+00 -3.711729278e-01 3.778004454e+00 -5.413388521e+01 -2.290818940e-01 1.812414404e+00 2.461701719e-01 -5.326571602e+00 
-5.765224342e+00 1.261413462e+01 5.441967480e-01 -1.198710303e+00 5.264530539e+01 -3.543131046e-01 -1.325173949e+00 -3.823801717e-01 -1.126809591e-01 
-3.711729278e-01 5.441967480e-01 7.018147297e+00 -2.700127442e-01 5.072487997e+00 1.906444532e-02 -2.256000056e-01 -2.112997466e-02 7.123764461e-01 
3.778004454e+00 -1.198710303e+00 -2.700127442e-01 4.044236705e+00 -1.180173137e+01 7.814638308e-01 -2.664299540e-02 2.508477783e-01 5.671662913e+00 
-5.413388521e+01 5.264530539e+01 5.072487997e+00 -1.180173137e+01 5.043683906e+02 -3.242904396e+00 -1.259958163e+01 -3.585468395e+00 3.202026113e-02 
-2.290818940e-01 -3.543131046e-01 1.906444532e-02 7.814638308e-01 -3.242904396e+00 6.889129423e+00 -2.838777514e-01 8.086325880e-03 1.890348032e+00 
1.812414404e+00 -1.325173949e+00 -2.256000056e-01 -2.664299540e-02 -1.259958163e+01 -2.838777514e-01 6.810828854e-01 1.346123059e-01 2.222874764e+00 
2.461701719e-01 -3.823801717e-01 -2.112997466e-02 2.508477783e-01 -3.585468395e+00 8.086325880e-03 1.346123059e-01 7.041658969e+00 5.499360609e-01 
-5.326571602e+00 -1.126809591e-01 7.123764461e-01 5.671662913e+00 3.202026113e-02 1.890348032e+00 2.222874764e+00 5.499360609e-01 5.172457341e+02 
