1.421387575e+01 1.242892968e+00 -6.573980846e-02 5.471868979e+00 -7.233864413e+01 6.521180412e-02 1.744466132e+00 7.595452959e-02 -4.536062405e+00 
1.242892968e+00 1.023868672e+01 -3.793917587e-02 2.765814884e-01 -1.289551847e+01 1.339769674e-01 2.349252124e-01 2.476345657e-02 3.388248337e-02 
-6.573980846e-02 -3.793917587e-02 9.977450249e+00 -1.527260710e-01 1.981917307e+00 1.534861476e-02 -1.306111332e-01 -2.343557963e-04 4.337076482e-01 
5.471868979e+00 2.765814884e-01 -1.527260710e-01 4.719203013e+00 -1.529685928e+01 1.103583892e+00 5.790615614e-03 1.173192541e-01 5.356347690e+00 
-7.233864413e+01 -1.289551847e+01 1.981917307e+00 -1.529685928e+01 7.462008553e+02 -7.814701468e+00 -1.381475488e+01 -1.442991861e+00 -1.263053321e-03 
6.521180412e-02 1.339769674e-01 1.534861476e-02 1.103583892e+00 -7.814701468e+00 9.973564538e+00 -3.185466797e-01 5.588158894e-03 2.379726134e+00 
1.744466132e+00 2.349252124e-01 -1.306111332e-01 5.790615614e-03 -1.381475488e+01 -3.185466797e-01 5.623074843e-01 3.725750615e-02 2.612271673e+00 
7.595452959e-02 2.476345657e-02 -2.343557963e-04 1.173192541e-01 -1.442991861e+00 5.588158894e-03 3.725750615e-02 1.000191664e+01 4.030763867e-01 
-4.536062405e+00 3.388248337e-02 4.337076482e-01 5.356347690e+00 -1.263053321e-03 2.379726134e+00 2.612271673e+00 4.030763867e-01 7.547928629e+02 
