2.043536931e-04 -2.122452634e-04 2.000076705e-04 -7.570490313e-04 2.691521347e-04 6.874616160e-02 5.157973457e-01 8.137949840e-02 1.734062137e-01 
2.122452710e-04 5.427316323e-16 -1.117365060e-04 -1.306001669e-05 -1.346112682e-04 3.294679412e-03 9.780172314e-03 -1.867478101e-02 -1.361574893e-01 
-2.000074229e-04 1.117365060e-04 1.250340318e-14 -1.455990235e-04 1.917281064e-04 -3.499477510e-02 -5.248849766e-02 -9.207627977e-03 -1.756874022e-02 
7.570490288e-04 1.306001669e-05 1.455990235e-04 8.904476660e-19 -3.947798364e-04 -4.057125326e-03 -6.035753962e-01 1.202665630e-02 -4.124087892e-03 
-2.691520219e-04 1.346112682e-04 -1.917281064e-04 3.947798364e-04 3.579406124e-14 1.956172134e-04 7.701463898e-05 -7.545520949e-03 -1.293228900e+00 
-6.879820394e-02 -3.294679412e-03 3.499477510e-02 4.057125326e-03 -1.956172134e-04 1.251829758e-01 5.383828005e-03 1.854529040e-01 -6.047684687e-03 
-5.214936882e-01 -9.780172314e-03 5.248849766e-02 6.035753962e-01 -7.701463898e-05 -5.383828005e-03 1.439915322e+00 -5.063322941e-02 -4.903999488e-04 
-8.166518321e-02 1.867478101e-02 9.207627977e-03 -1.202665630e-02 7.545520949e-03 -1.854529040e-01 5.063322941e-02 2.397860518e+00 2.323883464e-03 
-1.727724863e-01 1.361574893e-01 1.756874022e-02 4.124087892e-03 1.293228900e+00 6.047684687e-03 4.903999488e-04 -2.323883464e-03 3.445606210e+00 
