2.521267556e-04 -2.001224589e-04 5.477119813e-04 -2.036565368e-04 7.042450806e-07 1.125024375e-02 2.031026559e-01 6.707055894e-01 2.297880349e-01 
2.001224589e-04 8.445531285e-51 -1.777169516e-04 3.292018768e-04 3.461036995e-06 -2.189672238e-03 -7.509348400e-03 -3.168248193e-02 -6.172862551e-02 
-5.477119813e-04 1.777169516e-04 1.118932480e-50 -2.842579170e-04 -6.429418746e-05 -1.336930957e-04 -8.970543873e-02 -1.011602142e-01 5.765311499e-02 
2.036565368e-04 -3.292018768e-04 2.842579170e-04 1.527361241e-50 3.622041168e-06 -1.976344529e-03 -2.378730599e-03 -8.699572820e-01 -5.738091313e-03 
-7.042450806e-07 -3.461036995e-06 6.429418746e-05 -3.622041168e-06 1.583888035e-50 -2.026721920e-04 -2.109841583e-04 1.202540329e-04 -2.294296514e+00 
-1.127535883e-02 2.189672238e-03 1.336930957e-04 1.976344529e-03 2.026721920e-04 2.758398579e-02 -1.076503821e-01 -2.027460557e-02 -1.683016721e-01 
-2.028084909e-01 7.509348400e-03 8.970543873e-02 2.378730599e-03 2.109841583e-04 1.076503821e-01 6.323730411e-01 1.322257762e-01 2.549202894e-03 
-6.631365866e-01 3.168248193e-02 1.011602142e-01 8.699572820e-01 -1.202540329e-04 2.027460557e-02 -1.322257762e-01 2.122517391e+00 2.756780084e-03 
-2.300200322e-01 6.172862551e-02 -5.765311499e-02 5.738091313e-03 2.294296514e+00 1.683016721e-01 -2.549202894e-03 -2.756780084e-03 6.999578361e+00 
