3.493709052e-04 2.719586566e-04 7.118011865e-05 -1.426934898e-03 7.251916559e-04 1.855561300e-02 2.157590816e-01 6.620216084e-01 2.135191735e-01 
-2.719586566e-04 2.533700878e-51 -8.846117698e-05 8.625357070e-04 -7.549699923e-05 -6.019245088e-03 -2.041857488e-03 -1.170742727e-02 8.657132657e-02 
-7.118011865e-05 8.846117698e-05 7.640225569e-51 4.166834947e-04 1.000130051e-04 4.397579965e-03 -1.097638055e-03 5.999956407e-03 -2.153243582e+00 
1.426934898e-03 -8.625357070e-04 -4.166834947e-04 2.090528836e-50 9.055098470e-04 -1.291915260e-02 -9.319696071e-03 -1.030966333e+00 1.094428298e-02 
-7.251916559e-04 7.549699923e-05 -1.000130051e-04 -9.055098470e-04 3.137562941e-50 4.271337750e-03 -1.278286741e-01 -1.691393141e-01 4.121650623e-02 
-1.864669395e-02 6.019245088e-03 -4.397579965e-03 1.291915260e-02 -4.271337750e-03 8.549014642e-02 8.510670262e-02 -1.666258883e-01 7.864060450e-02 
-2.128574513e-01 2.041857488e-03 1.097638055e-03 9.319696071e-03 1.278286741e-01 -8.510670262e-02 7.027500281e-01 -3.439900238e-03 -9.294395519e-03 
-6.647399086e-01 1.170742727e-02 -5.999956407e-03 1.030966333e+00 1.691393141e-01 1.666258883e-01 3.439900238e-03 2.388141869e+00 -7.545089624e-03 
-2.224306326e-01 -8.657132657e-02 2.153243582e+00 -1.094428298e-02 -4.121650623e-02 -7.864060450e-02 9.294395519e-03 7.545089624e-03 4.613634576e+00 
