4.868563643e-04 -4.297919984e-04 -1.619994445e-03 2.316247888e-04 1.000403822e-03 1.979924056e-02 3.117539540e-01 7.133257741e-01 7.930731794e-01 
4.297919982e-04 2.087677017e-20 1.664551722e-03 -1.052717290e-03 7.249674549e-04 -2.633715841e-02 -1.632386453e-02 -1.377354945e+00 1.725355749e-01 
1.620107563e-03 -1.664551722e-03 2.422881962e-08 -6.406129571e-04 4.812887849e-04 -1.754413985e-03 -1.324432422e-01 -1.633726876e-01 2.028205444e-01 
-2.316247889e-04 1.052717290e-03 6.406129571e-04 5.319171161e-21 -4.113470972e-04 -7.447691953e-03 -6.060638721e-02 -2.105869098e-01 4.194222302e-01 
-1.000275861e-03 -7.249674549e-04 -4.812887849e-04 4.113470972e-04 8.922263507e-08 1.003293485e-02 2.085398992e-03 2.302768184e-02 -3.110898380e+00 
-2.111063994e-02 2.633715841e-02 1.754413985e-03 7.447691953e-03 -1.003293485e-02 6.451060873e-02 2.152684719e-01 -3.031771633e-01 4.260781661e-01 
-3.095097521e-01 1.632386453e-02 1.324432422e-01 6.060638721e-02 -2.085398992e-03 -2.152684719e-01 1.605983998e+00 3.568993951e-01 2.770056686e-03 
-6.997451743e-01 1.377354945e+00 1.633726876e-01 2.105869098e-01 -2.302768184e-02 3.031771633e-01 -3.568993951e-01 2.928153347e+00 -5.384672084e-04 
-7.966215202e-01 -1.725355749e-01 -2.028205444e-01 -4.194222302e-01 3.110898380e+00 -4.260781661e-01 -2.770056686e-03 5.384672084e-04 4.236004838e+00 
