1.950271211e+01 -6.413479515e-01 -1.103292579e-01 8.049447774e+00 -1.276913695e+02 1.201204168e-01 9.335104825e-02 1.750862453e+00 -7.431804274e+00 
-6.413479515e-01 1.608379875e+01 -2.196090218e-03 -1.629460534e-01 1.095756986e+01 -7.969132936e-02 -1.497570504e-02 -1.094970691e-01 3.394964943e-02 
-1.103292579e-01 -2.196090218e-03 1.599506709e+01 2.301323844e-01 -3.920877349e-01 -1.128792239e-02 -2.030478800e-03 -1.461628240e-01 6.145712061e-01 
8.049447774e+00 -1.629460534e-01 2.301323844e-01 5.851586751e+00 -2.651397457e+01 1.496067597e+00 1.670328243e-01 -3.373918257e-03 9.563380161e+00 
-1.276913695e+02 1.095756986e+01 -3.920877349e-01 -2.651397457e+01 2.188383860e+03 -1.609995169e+01 -2.970227527e+00 -2.209942035e+01 7.154230572e-04 
1.201204168e-01 -7.969132936e-02 -1.128792239e-02 1.496067597e+00 -1.609995169e+01 1.603123809e+01 1.295976018e-02 -3.798080232e-01 4.701803611e+00 
9.335104825e-02 -1.497570504e-02 -2.030478800e-03 1.670328243e-01 -2.970227527e+00 1.295976018e-02 1.602792184e+01 -1.062096280e-02 7.622418624e-01 
1.750862453e+00 -1.094970691e-01 -1.461628240e-01 -3.373918257e-03 -2.209942035e+01 -3.798080232e-01 -1.062096280e-02 5.524632553e-01 4.065715159e+00 
-7.431804274e+00 3.394964943e-02 6.145712061e-01 9.563380161e+00 7.154230572e-04 4.701803611e+00 7.622418624e-01 4.065715159e+00 2.197172027e+03 
