2.116919365e-04 -5.532444863e-04 4.985494182e-05 7.113451534e-06 -1.086575180e-05 1.274046948e-01 6.527744532e-01 7.159162135e-02 2.385871920e-01 
5.532444863e-04 7.481422043e-32 -1.035983616e-05 -1.298500897e-04 2.325589459e-05 -1.575029334e-03 -9.487480417e-01 3.921576801e-03 3.032476312e-04 
-4.985494276e-05 1.035983616e-05 3.940257613e-17 1.938842027e-05 2.075109596e-05 2.882365939e-03 2.553894993e-03 -1.919253701e-02 2.954316810e-02 
-7.113461519e-06 1.298500897e-04 -1.938842027e-05 1.974478814e-16 -6.392341605e-05 -7.372335995e-02 -3.304648969e-03 -5.179793238e-04 -1.197479593e-02 
1.086586254e-05 -2.325589459e-05 -2.075109596e-05 6.392341605e-05 2.230911272e-12 -4.210982631e-04 -3.410024806e-04 -3.343620061e-03 -2.852023111e+00 
-1.275266421e-01 1.575029334e-03 -2.882365939e-03 7.372335995e-02 4.210982631e-04 4.080558185e-01 6.490904199e-03 1.647750299e-01 7.496548963e-04 
-6.542930814e-01 9.487480417e-01 -2.553894993e-03 3.304648969e-03 3.410024806e-04 -6.490904199e-03 2.140147474e+00 -1.856102088e-02 -2.550192770e-05 
-7.162392762e-02 -3.921576801e-03 1.919253701e-02 5.179793238e-04 3.343620061e-03 -1.647750299e-01 1.856102088e-02 2.251914415e+00 3.431775537e-03 
-2.393145103e-01 -3.032476312e-04 -2.954316810e-02 1.197479593e-02 2.852023111e+00 -7.496548963e-04 2.550192770e-05 -3.431775537e-03 1.058229371e+01 
