9.008556110e+00 1.749633327e+00 7.049251944e-01 2.552969742e+00 -2.415809246e+01 -2.516546494e+00 1.229682499e-01 1.746158001e+00 -2.100592231e+00 
1.749633327e+00 5.772786563e+00 2.909913261e-01 9.164104081e-01 -9.827776376e+00 -8.822410934e-01 9.559107340e-02 5.743596292e-01 -4.450436994e-01 
7.049251944e-01 2.909913261e-01 5.095908532e+00 7.349027332e-01 -5.235089886e+00 -4.789342475e-01 9.158199758e-03 2.986213471e-01 -3.936777344e-01 
2.552969742e+00 9.164104081e-01 7.349027332e-01 3.565646499e+00 -5.530613220e+00 3.448532869e-03 4.284576946e-01 -1.204806388e-02 1.970898491e+00 
-2.415809246e+01 -9.827776376e+00 -5.235089886e+00 -5.530613220e+00 1.190742771e+02 9.245999296e+00 -2.017358060e+00 -6.180984707e+00 -3.565579842e-03 
-2.516546494e+00 -8.822410934e-01 -4.789342475e-01 3.448532869e-03 9.245999296e+00 5.966386599e+00 -1.626784319e-01 -5.533152917e-01 7.248438612e-01 
1.229682499e-01 9.559107340e-02 9.158199758e-03 4.284576946e-01 -2.017358060e+00 -1.626784319e-01 4.981126000e+00 8.009702201e-03 4.724726094e-01 
1.746158001e+00 5.743596292e-01 2.986213471e-01 -1.204806388e-02 -6.180984707e+00 -5.533152917e-01 8.009702201e-03 7.390558707e-01 1.243154961e+00 
-2.100592231e+00 -4.450436994e-01 -3.936777344e-01 1.970898491e+00 -3.565579842e-03 7.248438612e-01 4.724726094e-01 1.243154961e+00 1.277101668e+02 
