cols	9
rows	9
data 81
4.450317549e+01 -3.178830807e-01 -3.292873914e-04 2.537095387e+00 -6.224004462e+00 3.770233593e+00 2.184095732e+00 -3.871656344e+01 -1.511722453e+02 
-3.178830807e-01 2.571626944e+02 4.288954389e-07 8.804451844e-04 -1.478678549e-01 -6.660430056e-04 -2.911092852e-01 1.542558236e-02 -4.328956405e-02 
-3.292873914e-04 4.288954389e-07 2.571617617e+02 7.497690477e-06 -1.578146893e-04 2.903729009e-05 -3.922390193e-04 1.560980374e-06 -2.653246221e-05 
2.537095387e+00 8.804451844e-04 7.497690477e-06 5.009648651e+01 3.152616760e-12 1.772728936e+00 6.366944152e-01 7.993269505e+00 -4.832303675e+01 
-6.224004462e+00 -1.478678549e-01 -1.578146893e-04 3.152616760e-12 4.720545518e+01 -1.252498834e+00 1.499014296e+00 3.436486746e+01 -2.735753384e+01 
3.770233593e+00 -6.660430056e-04 2.903729009e-05 1.772728936e+00 -1.252498834e+00 2.524384494e+01 1.001157958e-11 8.892274601e+00 -3.538891061e+01 
2.184095732e+00 -2.911092852e-01 -3.922390193e-04 6.366944152e-01 1.499014296e+00 1.001157958e-11 2.726507868e+01 1.279326390e+01 -8.736096489e+00 
-3.871656344e+01 1.542558236e-02 1.560980374e-06 7.993269505e+00 3.436486746e+01 8.892274601e+00 1.279326390e+01 2.423634773e+03 1.395034552e-10 
-1.511722453e+02 -4.328956405e-02 -2.653246221e-05 -4.832303675e+01 -2.735753384e+01 -3.538891061e+01 -8.736096489e+00 1.395034552e-10 2.411877596e+03 
