2.926658250e+02 3.746591024e+01 9.809155349e+01 2.146597893e+00 -1.857537166e+01 3.252430768e+00 1.533476524e+01 -6.613794305e+01 -1.080361606e+03 
3.746591024e+01 1.717120544e+01 2.192380649e-10 2.347920168e-01 -1.624089894e+00 9.475340893e-01 -1.598133328e+00 4.144515088e+01 -2.057154990e+02 
9.809155349e+01 2.192380649e-10 9.270403981e+01 8.351943484e+00 -1.023670898e+01 2.239549525e+00 1.644113800e+01 6.849686376e+01 -1.980979791e+02 
2.146597893e+00 2.347920168e-01 8.351943484e+00 2.464180767e+02 -2.549742040e-10 4.337646984e-02 1.474579268e+00 1.443837277e+01 -6.513330801e+01 
-1.857537166e+01 -1.624089894e+00 -1.023670898e+01 -2.549742040e-10 2.270780830e+02 -4.018262487e-01 -3.926814796e+00 4.217249802e+00 -1.612756151e+01 
3.252430768e+00 9.475340893e-01 2.239549525e+00 4.337646984e-02 -4.018262487e-01 1.543853800e+02 6.702426734e-11 4.640069516e-01 -2.767042538e+01 
1.533476524e+01 -1.598133328e+00 1.644113800e+01 1.474579268e+00 -3.926814796e+00 6.702426734e-11 1.736729130e+02 6.574638021e+00 -1.926283409e+01 
-6.613794305e+01 4.144515088e+01 6.849686376e+01 1.443837277e+01 4.217249802e+00 4.640069516e-01 6.574638021e+00 8.191107137e+03 -1.650608066e-10 
-1.080361606e+03 -2.057154990e+02 -1.980979791e+02 -6.513330801e+01 -1.612756151e+01 -2.767042538e+01 -1.926283409e+01 -1.650608066e-10 8.014833609e+03 
