1.835373286e+02 1.851995682e+01 5.985073576e+01 2.734832945e+00 4.157288601e-01 2.137793193e+00 -1.646348565e-01 -2.384264646e+01 -5.915020255e+02 
1.851995682e+01 1.014035477e+01 8.616812525e-11 4.373125266e-01 -1.234756665e+00 6.164571590e-01 -8.352829924e-01 1.939813705e+01 -9.790436205e+01 
5.985073576e+01 8.616812525e-11 5.074828696e+01 4.091573825e+00 3.437847255e+00 2.434577691e+00 2.145331833e+00 2.589519190e+01 -8.822694825e+01 
2.734832945e+00 4.373125266e-01 4.091573825e+00 1.257781066e+02 -3.049359373e-11 1.187564764e-01 -1.709029425e-02 6.675857320e+00 -3.369527644e+01 
4.157288601e-01 -1.234756665e+00 3.437847255e+00 -3.049359373e-11 1.261042578e+02 1.503247628e-02 1.936726389e-01 2.689534399e+00 -1.010636870e+01 
2.137793193e+00 6.164571590e-01 2.434577691e+00 1.187564764e-01 1.503247628e-02 1.282765545e+02 -3.156617307e-11 2.381199751e+00 -2.338874271e+01 
-1.646348565e-01 -8.352829924e-01 2.145331833e+00 -1.709029425e-02 1.936726389e-01 -3.156617307e-11 1.279661423e+02 2.122432899e+00 -8.259903723e+00 
-2.384264646e+01 1.939813705e+01 2.589519190e+01 6.675857320e+00 2.689534399e+00 2.381199751e+00 2.122432899e+00 4.379815055e+03 -1.443689453e-10 
-5.915020255e+02 -9.790436205e+01 -8.822694825e+01 -3.369527644e+01 -1.010636870e+01 -2.338874271e+01 -8.259903723e+00 -1.443689453e-10 4.283664630e+03 
