7.402894623e+01 8.272673656e-01 4.215537281e-01 -5.702176777e+00 -2.887325290e+01 4.377016377e+00 3.485403049e+00 -1.394422842e+01 -6.651230376e+01 
8.272673656e-01 3.726428128e+01 7.997964497e-10 1.033601505e-01 1.442291947e-01 -2.786378694e-03 7.671555125e-01 1.702803222e-01 4.454637875e-03 
4.215537281e-01 7.997964497e-10 3.732616363e+01 -3.404212251e-03 1.401479979e-01 -3.374589721e-02 4.455000123e-01 -7.746519927e-05 2.822557433e-02 
-5.702176777e+00 1.033601505e-01 -3.404212251e-03 1.786781697e+02 -6.661535644e-12 2.327923435e+00 4.715533945e+00 4.976264956e+00 -1.626997843e+01 
-2.887325290e+01 1.442291947e-01 1.401479979e-01 -6.661535644e-12 1.694714773e+02 -8.788302413e+00 -2.195957600e+00 1.198720030e+01 1.266691975e+00 
4.377016377e+00 -2.786378694e-03 -3.374589721e-02 2.327923435e+00 -8.788302413e+00 5.522310267e+01 4.897454568e-12 1.048695384e+01 -1.677870478e+01 
3.485403049e+00 7.671555125e-01 4.455000123e-01 4.715533945e+00 -2.195957600e+00 4.897454568e-12 5.830453999e+01 6.633077941e+00 3.984143788e+00 
-1.394422842e+01 1.702803222e-01 -7.746519927e-05 4.976264956e+00 1.198720030e+01 1.048695384e+01 6.633077941e+00 1.131229274e+03 -1.101420265e-11 
-6.651230376e+01 4.454637875e-03 2.822557433e-02 -1.626997843e+01 1.266691975e+00 -1.677870478e+01 3.984143788e+00 -1.101420265e-11 1.127243760e+03 
