5.765852803e+01 -1.588088053e+00 -1.132061731e-02 4.380273639e-01 -1.073562730e+01 3.940034072e+00 3.698433254e+00 -4.868745698e+01 -1.376517473e+02 
-1.588088053e+00 1.698727309e+02 1.119332305e-09 1.638671416e-02 -8.863862053e-01 -1.197952410e-02 -1.077691145e+00 1.702044085e-01 -2.173096407e-01 
-1.132061731e-02 1.119332305e-09 1.698353046e+02 4.288669952e-04 -6.592093171e-03 9.089390689e-04 -9.901950018e-03 8.134680300e-05 -5.209487152e-04 
4.380273639e-01 1.638671416e-02 4.288669952e-04 7.465479782e+01 -3.277106447e-12 1.974227802e+00 1.569847572e+00 2.583712021e+00 -5.895578833e+01 
-1.073562730e+01 -8.863862053e-01 -6.592093171e-03 -3.277106447e-12 6.875628238e+01 -2.736517978e+00 1.773278710e+00 4.561296582e+01 -2.004010990e+01 
3.940034072e+00 -1.197952410e-02 9.089390689e-04 1.974227802e+00 -2.736517978e+00 3.509918731e+01 6.320744482e-12 8.848313560e+00 -3.432702929e+01 
3.698433254e+00 -1.077691145e+00 -9.901950018e-03 1.569847572e+00 1.773278710e+00 6.320744482e-12 3.769439892e+01 1.523551929e+01 -3.082738586e+00 
-4.868745698e+01 1.702044085e-01 8.134680300e-05 2.583712021e+00 4.561296582e+01 8.848313560e+00 1.523551929e+01 3.401203606e+03 3.505705723e-11 
-1.376517473e+02 -2.173096407e-01 -5.209487152e-04 -5.895578833e+01 -2.004010990e+01 -3.432702929e+01 -3.082738586e+00 3.505705723e-11 3.394561160e+03
