5.859291520e+01 -8.570976456e-02 -1.750007429e-04 1.247233145e+01 3.199862100e+00 5.885777646e+00 2.634676652e+00 -1.192837801e+02 -3.718659619e+02 
-8.570976456e-02 4.245531595e+01 -6.577026612e-09 -1.865441586e-03 -4.148633821e-02 -3.267300126e-03 -6.325430082e-02 1.805245703e-01 -2.245225052e-01 
-1.750007429e-04 -6.577026612e-09 4.245375776e+01 2.708364099e-06 -1.052699244e-04 8.762502789e-06 -2.127040592e-04 1.224291231e-05 -1.565512340e-05 
1.247233145e+01 -1.865441586e-03 2.708364099e-06 3.268503267e+01 1.078654655e-11 2.805876856e+00 -6.102135422e-01 -9.691628434e+00 -1.386595147e+02 
3.199862100e+00 -4.148633821e-02 -1.052699244e-04 1.078654655e-11 3.456480335e+01 1.294845672e+00 3.398023601e+00 1.158170746e+02 -1.100868585e+02 
5.885777646e+00 -3.267300126e-03 8.762502789e-06 2.805876856e+00 1.294845672e+00 2.386187654e+01 8.762035946e-12 6.416279487e+00 -7.442307817e+01 
2.634676652e+00 -6.325430082e-02 -2.127040592e-04 -6.102135422e-01 3.398023601e+00 8.762035946e-12 2.647377840e+01 2.929505893e+01 -2.311921957e+01 
-1.192837801e+02 1.805245703e-01 1.224291231e-05 -9.691628434e+00 1.158170746e+02 6.416279487e+00 2.929505893e+01 5.855338762e+03 -3.971440737e-11 
-3.718659619e+02 -2.245225052e-01 -1.565512340e-05 -1.386595147e+02 -1.100868585e+02 -7.442307817e+01 -2.311921957e+01 -3.971440737e-11 5.824125448e+03 
