1.110819001e+02 5.624120356e-04 1.585964364e-06 1.011001699e+01 1.248365493e+01 4.105797242e+00 3.210133046e+00 -8.223849484e+01 -3.242447507e+02 
5.624120356e-04 5.389708402e+01 -2.616955548e-08 -1.059118717e-05 2.651728135e-04 -7.622513622e-06 4.898653427e-04 2.448577282e-04 -1.958495834e-04 
1.585964364e-06 -2.616955548e-08 5.389708404e+01 -2.486594693e-08 7.190694383e-07 -1.286500986e-07 1.543326204e-06 1.634552238e-08 1.230419404e-07 
1.011001699e+01 -1.059118717e-05 -2.486594693e-08 6.635380230e+01 5.273882629e-12 4.140606219e-01 -1.742403401e+00 -6.708039908e+00 -1.093061590e+02 
1.248365493e+01 2.651728135e-04 7.190694383e-07 5.273882629e-12 7.188400505e+01 4.879846892e+00 2.795304500e+00 9.728328509e+01 -7.430395981e+01 
4.105797242e+00 -7.622513622e-06 -1.286500986e-07 4.140606219e-01 4.879846892e+00 8.624756357e+01 -2.350558873e-12 3.886838996e+01 -7.909968645e+01 
3.210133046e+00 4.898653427e-04 1.543326204e-06 -1.742403401e+00 2.795304500e+00 -2.350558873e-12 8.891018960e+01 2.513685096e+01 -5.305882250e+00 
-8.223849484e+01 2.448577282e-04 1.634552238e-08 -6.708039908e+00 9.728328509e+01 3.886838996e+01 2.513685096e+01 5.383930728e+03 -2.385329988e-10 
-3.242447507e+02 -1.958495834e-04 1.230419404e-07 -1.093061590e+02 -7.430395981e+01 -7.909968645e+01 -5.305882250e+00 -2.385329988e-10 5.360574960e+03 
