1.437034725e+02 1.605098801e+01 4.647962028e+01 2.509663723e+00 2.401240786e+00 1.327100983e+00 -1.903061627e+00 -2.012614241e+01 -4.658168552e+02 
1.605098801e+01 8.598285990e+00 9.740314621e-11 4.756375463e-01 -7.074153845e-01 4.461428735e-01 -8.236856397e-01 1.606497367e+01 -8.130584400e+01 
4.647962028e+01 9.740314621e-11 4.206836761e+01 2.987928443e+00 3.592910640e+00 1.409283363e+00 9.293387946e-01 2.147483802e+01 -7.334490148e+01 
2.509663723e+00 4.756375463e-01 2.987928443e+00 8.873725726e+01 2.564725377e-11 8.028769580e-02 -1.501536626e-01 4.945666262e+00 -2.554548760e+01 
2.401240786e+00 -7.074153845e-01 3.592910640e+00 2.564725377e-11 9.123520291e+01 6.082429288e-02 5.687279812e-01 1.597447666e+00 -5.646206018e+00 
1.327100983e+00 4.461428735e-01 1.409283363e+00 8.028769580e-02 6.082429288e-02 1.002868643e+02 -1.234866949e-11 8.876323257e-01 -1.383307541e+01 
-1.903061627e+00 -8.236856397e-01 9.293387946e-01 -1.501536626e-01 5.687279812e-01 -1.234866949e-11 9.773925791e+01 2.135453153e+00 -8.714600252e+00 
-2.012614241e+01 1.606497367e+01 2.147483802e+01 4.945666262e+00 1.597447666e+00 8.876323257e-01 2.135453153e+00 3.259301880e+03 -6.320619575e-11 
-4.658168552e+02 -8.130584400e+01 -7.334490148e+01 -2.554548760e+01 -5.646206018e+00 -1.383307541e+01 -8.714600252e+00 -6.320619575e-11 3.178182580e+03 
