cols	9
rows	9
data 81
7.028969721e+01 -8.842557116e-01 -4.633865698e-03 1.142319975e+01 7.432726082e+00 5.951318608e+00 3.012511221e+00 -6.327327201e+01 -2.308544768e+02 
-8.842557116e-01 8.129304817e+02 -2.556139417e-08 -6.808944538e-04 -4.206799139e-01 -9.095062879e-04 -8.082320608e-01 1.626096488e-02 -1.287304192e-01 
-4.633865698e-03 -2.556139417e-08 8.129283421e+02 7.576915873e-05 -2.265839177e-03 3.565966018e-04 -5.209668152e-03 1.965794844e-05 -5.915246633e-04 
1.142319975e+01 -6.808944538e-04 7.576915873e-05 3.472153467e+01 1.027085336e-11 2.362037361e+00 -1.404817816e+00 -1.698706600e+00 -7.712397278e+01 
7.432726082e+00 -4.206799139e-01 -2.265839177e-03 1.027085336e-11 3.826965447e+01 3.441283434e+00 3.397454622e+00 6.538915317e+01 -5.757215446e+01 
5.951318608e+00 -9.095062879e-04 3.565966018e-04 2.362037361e+00 3.441283434e+00 3.884874339e+01 1.046994026e-11 1.700323239e+01 -5.675745746e+01 
3.012511221e+00 -8.082320608e-01 -5.209668152e-03 -1.404817816e+00 3.397454622e+00 1.046994026e-11 4.161468114e+01 1.964440210e+01 -1.088125948e+01 
-6.327327201e+01 1.626096488e-02 1.965794844e-05 -1.698706600e+00 6.538915317e+01 1.700323239e+01 1.964440210e+01 2.361239890e+03 -3.853126551e-11 
-2.308544768e+02 -1.287304192e-01 -5.915246633e-04 -7.712397278e+01 -5.757215446e+01 -5.675745746e+01 -1.088125948e+01 -3.853126551e-11 2.332501576e+03 
