1.421395032e+02 -3.371431043e+00 -2.300619064e-02 1.116251036e+01 1.320195562e+01 3.619735819e+00 3.003970260e+00 -9.916228043e+01 -3.545967493e+02 
-3.371431043e+00 4.901353536e+03 -1.636462876e-08 -1.236233745e-03 -1.554057913e+00 -3.844467165e-03 -2.769378317e+00 1.367433076e-02 -2.289469155e-01 
-2.300619064e-02 -1.636462876e-08 4.901348966e+03 3.346150439e-04 -1.083853510e-02 1.729198389e-03 -2.158309583e-02 4.473728533e-05 -1.504097157e-03 
1.116251036e+01 -1.236233745e-03 3.346150439e-04 9.791484202e+01 8.301887953e-12 3.481503469e-02 -1.877567066e+00 -1.369648855e+01 -1.372443587e+02 
1.320195562e+01 -1.554057913e+00 -1.083853510e-02 8.301887953e-12 1.040053924e+02 5.444772399e+00 2.658456714e+00 1.245521043e+02 -8.653420212e+01 
3.619735819e+00 -3.844467165e-03 1.729198389e-03 3.481503469e-02 5.444772399e+00 1.186162136e+02 7.643981341e-12 4.944698264e+01 -8.723889236e+01 
3.003970260e+00 -2.769378317e+00 -2.158309583e-02 -1.877567066e+00 2.658456714e+00 7.643981341e-12 1.210893829e+02 2.730124415e+01 -7.619065968e-01 
-9.916228043e+01 1.367433076e-02 4.473728533e-05 -1.369648855e+01 1.245521043e+02 4.944698264e+01 2.730124415e+01 6.557201680e+03 -2.589295845e-11 
-3.545967493e+02 -2.289469155e-01 -1.504097157e-03 -1.372443587e+02 -8.653420212e+01 -8.723889236e+01 -7.619065968e-01 -2.589295845e-11 6.534392649e+03 
