3.106516308e+01 3.131602229e-01 1.818446993e-01 3.746760527e+00 -9.294705513e+00 2.848743101e+00 1.306086700e+00 -3.460033158e+01 -9.477283856e+01
3.131602229e-01 9.046881648e+00 4.473209556e-11 1.781949736e-01 6.414897697e-02 -1.936912556e-02 6.559247140e-01 1.391381018e+00 -1.536366620e+00
1.818446993e-01 4.473209556e-11 9.233140625e+00 -1.179474829e-03 1.391563014e-01 -2.157448705e-02 4.203636113e-01 2.219024796e-02 2.993821888e-02
3.746760527e+00 1.781949736e-01 -1.179474829e-03 3.647736930e+01 -4.855908504e-12 8.241338103e-01 6.195238765e-01 -3.085200946e+00 -3.646386404e+01
-9.294705513e+00 6.414897697e-02 1.391563014e-01 -4.855908504e-12 2.961196032e+01 -1.108270034e+00 6.045564716e-01 2.864382677e+01 -2.561618477e+01
2.848743101e+00 -1.936912556e-02 -2.157448705e-02 8.241338103e-01 -1.108270034e+00 7.109207967e+00 3.507909911e-12 -1.666541655e+00 -1.216281723e+01
1.306086700e+00 6.559247140e-01 4.203636113e-01 6.195238765e-01 6.045564716e-01 3.507909911e-12 8.685844355e+00 5.340906665e+00 -4.609215769e+00 
-3.460033158e+01 1.391381018e+00 2.219024796e-02 -3.085200946e+00 2.864382677e+01 -1.666541655e+00 5.340906665e+00 8.898835809e+02 -1.812485635e-11
-9.477283856e+01 -1.536366620e+00 2.993821888e-02 -3.646386404e+01 -2.561618477e+01 -1.216281723e+01 -4.609215769e+00 -1.812485635e-11 8.759421350e+02
