1.407448518e+02 1.871428187e+01 4.419916375e+01 2.447441144e+00 2.651730975e-01 2.604867305e+00 -4.826330606e-02 -1.721760580e+01 -3.026415950e+02 
1.871428187e+01 8.212921043e+00 6.468757641e-11 5.911306165e-01 -1.376313687e+00 9.737324569e-01 -7.674780449e-01 1.243809047e+01 -5.918232346e+01 
4.419916375e+01 6.468757641e-11 4.151912712e+01 3.897179636e+00 3.521214870e+00 2.797556474e+00 1.966470690e+00 1.540458994e+01 -4.642453969e+01 
2.447441144e+00 5.911306165e-01 3.897179636e+00 9.326830474e+01 -1.471223716e-12 1.666934547e-01 -1.325298690e-02 4.366436068e+00 -2.071689434e+01 
2.651730975e-01 -1.376313687e+00 3.521214870e+00 -1.471223716e-12 9.344365902e+01 1.706057542e-02 1.906877335e-01 1.904363224e+00 -7.078101926e+00 
2.604867305e+00 9.737324569e-01 2.797556474e+00 1.666934547e-01 1.706057542e-02 9.613670384e+01 -4.453351907e-12 1.939822972e+00 -1.832823009e+01 
-4.826330606e-02 -7.674780449e-01 1.966470690e+00 -1.325298690e-02 1.906877335e-01 -4.453351907e-12 9.597940842e+01 1.308777310e+00 -5.061184431e+00 
-1.721760580e+01 1.243809047e+01 1.540458994e+01 4.366436068e+00 1.904363224e+00 1.939822972e+00 1.308777310e+00 1.567340855e+03 -3.904288736e-11 
-3.026415950e+02 -5.918232346e+01 -4.642453969e+01 -2.071689434e+01 -7.078101926e+00 -1.832823009e+01 -5.061184431e+00 -3.904288736e-11 1.489329517e+03 
