8.331124307e+01 -3.734375758e-01 -2.314944840e-03 1.139534144e+01 1.170641657e+01 5.687659140e+00 3.435221833e+00 -1.146805260e+02 -4.205504977e+02 
-3.734375758e-01 1.432743248e+02 -4.156230090e-09 -3.957217365e-03 -1.689401713e-01 -3.174879245e-03 -3.207493524e-01 1.215480371e-01 -1.621211900e-01 
-2.314944840e-03 -4.156230090e-09 1.432707552e+02 3.635328133e-05 -1.118110854e-03 1.714190892e-04 -2.449068160e-03 3.040238077e-05 -1.572460418e-04 
1.139534144e+01 -3.957217365e-03 3.635328133e-05 3.849876965e+01 1.035848914e-11 1.648436458e+00 -1.926698489e+00 -9.346729606e+00 -1.332370361e+02 
1.170641657e+01 -1.689401713e-01 -1.118110854e-03 1.035848914e-11 4.400807931e+01 4.785160012e+00 3.753425019e+00 1.161133284e+02 -1.067832513e+02 
5.687659140e+00 -3.174879245e-03 1.714190892e-04 1.648436458e+00 4.785160012e+00 5.387940404e+01 1.050280831e-11 3.728457196e+01 -1.104135411e+02 
3.435221833e+00 -3.207493524e-01 -2.449068160e-03 -1.926698489e+00 3.753425019e+00 1.050280831e-11 5.693880877e+01 3.874331182e+01 -1.986071312e+01 
-1.146805260e+02 1.215480371e-01 3.040238077e-05 -9.346729606e+00 1.161133284e+02 3.728457196e+01 3.874331182e+01 7.867735509e+03 -5.870431455e-11 
-4.205504977e+02 -1.621211900e-01 -1.572460418e-04 -1.332370361e+02 -1.067832513e+02 -1.104135411e+02 -1.986071312e+01 -5.870431455e-11 7.839757029e+03 
