cols	9
rows	9
data 81
3.745029118e+01 -4.359402835e-02 -3.507884989e-05 2.199282319e+00 -8.229740036e+00 3.515395720e+00 1.550725632e+00 -3.221043581e+01 -1.198261939e+02 
-4.359402835e-02 3.081487458e+01 -7.264209267e-09 5.534572139e-03 -2.501582534e-02 -2.285314418e-03 -3.040750435e-02 5.589331731e-02 -7.011825536e-02 
-3.507884989e-05 -7.264209267e-09 3.081428546e+01 1.002081529e-06 -1.867277828e-05 2.662020104e-06 -4.536059834e-05 1.947612333e-06 -3.411192517e-06 
2.199282319e+00 5.534572139e-03 1.002081529e-06 4.651582742e+01 -2.497419881e-12 1.702480264e+00 7.059622126e-01 7.358224487e+00 -4.179390421e+01 
-8.229740036e+00 -2.501582534e-02 -1.867277828e-05 -2.497419881e-12 4.224824778e+01 -1.542850304e+00 1.087078467e+00 2.897984967e+01 -2.215713352e+01 
3.515395720e+00 -2.285314418e-03 2.662020104e-06 1.702480264e+00 -1.542850304e+00 1.856587063e+01 5.492712490e-12 6.413372735e+00 -2.594259259e+01 
1.550725632e+00 -3.040750435e-02 -4.536059834e-05 7.059622126e-01 1.087078467e+00 5.492712490e-12 2.013000773e+01 8.231030784e+00 -5.354845608e+00 
-3.221043581e+01 5.589331731e-02 1.947612333e-06 7.358224487e+00 2.897984967e+01 6.413372735e+00 8.231030784e+00 1.657881865e+03 -6.090137315e-12 
-1.198261939e+02 -7.011825536e-02 -3.411192517e-06 -4.179390421e+01 -2.215713352e+01 -2.594259259e+01 -5.354845608e+00 -6.090137315e-12 1.647012860e+03 
