1.624177525e+02 2.078290367e+01 5.101973485e+01 2.085070604e+00 1.348830961e+01 1.501778789e+00 -5.879912133e+00 -2.972397128e+01 -6.587951370e+02 
2.078290367e+01 1.043003601e+01 1.922225994e-10 4.387240786e-01 -2.044438298e-01 5.058836070e-01 -9.124168903e-01 2.336390066e+01 -1.211608594e+02 
5.101973485e+01 1.922225994e-10 5.096159010e+01 5.829557660e-01 1.141225890e+01 1.402509435e+00 -1.919171582e+00 3.260845521e+01 -1.148157062e+02 
2.085070604e+00 4.387240786e-01 5.829557660e-01 2.236229657e+01 6.998212318e-11 5.515116526e-02 -3.936282326e-01 2.012721601e+00 -1.282480998e+01 
1.348830961e+01 -2.044438298e-01 1.141225890e+01 6.998212318e-11 2.817508308e+01 2.121959651e-01 5.553393695e+00 1.210478903e+00 -2.422712333e+00 
1.501778789e+00 5.058836070e-01 1.402509435e+00 5.515116526e-02 2.121959651e-01 1.091544424e+02 -3.672213810e-11 1.026308075e+00 -1.675962441e+01 
-5.879912133e+00 -9.124168903e-01 -1.919171582e+00 -3.936282326e-01 5.553393695e+00 -3.672213810e-11 1.031088898e+02 2.934402514e+00 -1.241878084e+01 
-2.972397128e+01 2.336390066e+01 3.260845521e+01 2.012721601e+00 1.210478903e+00 1.026308075e+00 2.934402514e+00 4.913078874e+03 -1.043870405e-10 
-6.587951370e+02 -1.211608594e+02 -1.148157062e+02 -1.282480998e+01 -2.422712333e+00 -1.675962441e+01 -1.241878084e+01 -1.043870405e-10 4.806093038e+03 
