1.619714358e+02 2.099539556e+01 5.741140933e+01 1.493610745e+00 3.659657474e+00 2.947910420e+00 -2.194286136e-01 -2.693013386e+01 -3.562071950e+02 
2.099539556e+01 7.650976221e+00 8.540215962e-11 2.483927206e-01 -1.284013094e-01 1.462672719e+00 -1.350814475e+00 1.400699345e+01 -7.075906743e+01 
5.741140933e+01 8.540215962e-11 4.917646444e+01 5.696227283e-01 2.966672965e+00 5.713890075e+00 2.960879731e+00 2.201504569e+01 -6.732453207e+01 
1.493610745e+00 2.483927206e-01 5.696227283e-01 2.422240810e+00 6.981642963e-12 1.127600400e-01 -2.551367981e-01 6.663426632e-01 -3.628922781e+00 
3.659657474e+00 -1.284013094e-01 2.966672965e+00 6.981642963e-12 3.277793222e+00 2.432716043e-01 5.243338915e+00 2.545056104e-01 -1.468180414e-01 
2.947910420e+00 1.462672719e+00 5.713890075e+00 1.127600400e-01 2.432716043e-01 1.285736671e+02 6.994953323e-12 3.616891408e+00 -3.367615589e+01 
-2.194286136e-01 -1.350814475e+00 2.960879731e+00 -2.551367981e-01 5.243338915e+00 6.994953323e-12 1.276215986e+02 2.476987567e+00 -9.215140089e+00 
-2.693013386e+01 1.400699345e+01 2.201504569e+01 6.663426632e-01 2.545056104e-01 3.616891408e+00 2.476987567e+00 2.305759162e+03 -2.504439487e-11 
-3.562071950e+02 -7.075906743e+01 -6.732453207e+01 -3.628922781e+00 -1.468180414e-01 -3.367615589e+01 -9.215140089e+00 -2.504439487e-11 2.230243764e+03 
