7.038322704e+01 -4.065336894e-01 -9.565302946e-04 1.072042858e+01 3.939876217e+00 6.161540046e+00 3.447694208e+00 -1.117344432e+02 -3.731618964e+02 
-4.065336894e-01 2.232576984e+02 -5.820375479e-09 -6.965206553e-04 -2.116829519e-01 -1.423388459e-03 -3.568528913e-01 5.346328031e-02 -9.222887097e-02 
-9.565302946e-04 -5.820375479e-09 2.232557340e+02 1.736003796e-05 -5.177259999e-04 6.547133865e-05 -1.041466863e-03 6.435675716e-06 -7.271375326e-05 
1.072042858e+01 -6.965206553e-04 1.736003796e-05 4.428731735e+01 8.502729077e-12 2.808912982e+00 -9.374040072e-01 -8.725920243e+00 -1.294921939e+02 
3.939876217e+00 -2.116829519e-01 -5.177259999e-04 8.502729077e-12 4.636177336e+01 2.097123559e+00 3.828397055e+00 1.101808269e+02 -1.020926355e+02 
6.161540046e+00 -1.423388459e-03 6.547133865e-05 2.808912982e+00 2.097123559e+00 3.758221121e+01 1.055378094e-11 2.050603964e+01 -9.050167939e+01 
3.447694208e+00 -3.568528913e-01 -1.041466863e-03 -9.374040072e-01 3.828397055e+00 1.055378094e-11 4.066266723e+01 3.442087159e+01 -2.161115990e+01 
-1.117344432e+02 5.346328031e-02 6.435675716e-06 -8.725920243e+00 1.101808269e+02 2.050603964e+01 3.442087159e+01 6.455709365e+03 -2.549156327e-11 
-3.731618964e+02 -9.222887097e-02 -7.271375326e-05 -1.294921939e+02 -1.020926355e+02 -9.050167939e+01 -2.161115990e+01 -2.549156327e-11 6.428050709e+03 
