1.244816158e+02 2.347669570e+01 3.601088665e+01 2.269528439e+00 6.107569019e-01 1.800814741e+00 -4.025785560e-01 -2.841001284e+01 -4.009296996e+02 
2.347669570e+01 8.918000483e+00 1.538652712e-10 7.967666207e-01 -4.670412887e-01 6.949372342e-01 -6.222202349e-01 1.776212274e+01 -9.265162522e+01 
3.601088665e+01 1.538652712e-10 4.409969332e+01 1.823772317e+00 2.002211226e+00 1.100519878e+00 1.600280090e+00 2.499432643e+01 -8.750624618e+01 
2.269528439e+00 7.967666207e-01 1.823772317e+00 6.102696786e+01 7.868736854e-12 7.264716120e-02 -2.891958742e-02 2.992585835e+00 -1.680498406e+01 
6.107569019e-01 -4.670412887e-01 2.002211226e+00 7.868736854e-12 6.153840188e+01 1.309876982e-02 3.190318737e-01 1.160943695e+00 -4.333290046e+00 
1.800814741e+00 6.949372342e-01 1.100519878e+00 7.264716120e-02 1.309876982e-02 6.493109416e+01 -3.774009494e-12 4.758395113e-01 -1.212393113e+01 
-4.025785560e-01 -6.222202349e-01 1.600280090e+00 -2.891958742e-02 3.190318737e-01 -3.774009494e-12 6.430844926e+01 1.849175351e+00 -7.486506160e+00 
-2.841001284e+01 1.776212274e+01 2.499432643e+01 2.992585835e+00 1.160943695e+00 4.758395113e-01 1.849175351e+00 2.268142533e+03 -9.437869273e-11 
-4.009296996e+02 -9.265162522e+01 -8.750624618e+01 -1.680498406e+01 -4.333290046e+00 -1.212393113e+01 -7.486506160e+00 -9.437869273e-11 2.172638131e+03 
