cols	9
rows	9
data 81
2.499024681e+01 -1.696764388e+01 -7.609863354e+01 9.462282925e-02 -7.762679770e-01 1.716975294e+00 1.094981938e+01 -6.494089106e-01 -2.561974825e+01 
-1.696764388e+01 8.876317788e+02 -1.999513135e-10 -1.316670354e+00 -1.170090826e+00 -2.212102234e+00 9.268049765e+00 -1.388291545e-01 -7.210907955e-01 
-7.609863354e+01 -1.999513135e-10 8.693608965e+02 6.936273305e-02 -1.407546968e+01 -6.044695575e+00 -6.667978994e+01 3.292421679e-02 -4.063130313e+00 
9.462282925e-02 -1.316670354e+00 6.936273305e-02 2.842902451e+01 -1.112459910e-15 2.090562624e-01 8.789819979e-03 4.914780304e-01 -2.404836800e+00 
-7.762679770e-01 -1.170090826e+00 -1.407546968e+01 -1.112459910e-15 2.828698228e+01 -9.670733912e-02 2.013381324e+00 1.852270828e+00 -1.525121812e+00 
1.716975294e+00 -2.212102234e+00 -6.044695575e+00 2.090562624e-01 -9.670733912e-02 7.150735128e+00 1.724063323e-10 1.334473864e+00 -2.350354339e+00 
1.094981938e+01 9.268049765e+00 -6.667978994e+01 8.789819979e-03 2.013381324e+00 1.724063323e-10 2.593793392e+01 1.645404821e-01 5.069287491e-01 
-6.494089106e-01 -1.388291545e-01 3.292421679e-02 4.914780304e-01 1.852270828e+00 1.334473864e+00 1.645404821e-01 5.175760442e+02 1.151329914e-13 
-2.561974825e+01 -7.210907955e-01 -4.063130313e+00 -2.404836800e+00 -1.525121812e+00 -2.350354339e+00 5.069287491e-01 1.151329914e-13 5.162214108e+02 
