cols	9
rows	9
data 81
3.202812807e+01 2.043060402e-04 -7.256338748e-03 3.648072551e-02 6.346891960e-01 1.695106529e-01 3.530754261e+00 -2.917679029e-01 -9.406585270e+00 
2.043060402e-04 3.201145969e+01 -3.691099115e-12 1.675129060e-03 3.196427196e-02 -3.410498086e-02 1.849196956e-01 1.086247506e-01 -4.732612111e-01 
-7.256338748e-03 -3.691099115e-12 3.200649811e+01 -3.096163696e-02 3.559635931e-02 -5.695974222e-02 -1.123822128e-02 1.128147118e-01 -5.218452616e-02 
3.648072551e-02 1.675129060e-03 -3.096163696e-02 2.866223428e+01 -2.534447311e-12 -1.908453446e-01 9.630543702e-02 3.837193749e-01 -4.094396966e-01 
6.346891960e-01 3.196427196e-02 3.559635931e-02 -2.534447311e-12 2.879451931e+01 -3.062503225e-02 2.537373144e-02 1.007617444e-01 6.792813955e-02 
1.695106529e-01 -3.410498086e-02 -5.695974222e-02 -1.908453446e-01 -3.062503225e-02 5.426842736e+00 8.215974151e-12 1.029812561e+00 -1.822244341e+00 
3.530754261e+00 1.849196956e-01 -1.123822128e-02 9.630543702e-02 2.537373144e-02 8.215974151e-12 5.904858896e+00 1.410219101e+00 6.514724861e-02 
-2.917679029e-01 1.086247506e-01 1.128147118e-01 3.837193749e-01 1.007617444e-01 1.029812561e+00 1.410219101e+00 1.723573503e+02 -5.597176120e-12 
-9.406585270e+00 -4.732612111e-01 -5.218452616e-02 -4.094396966e-01 6.792813955e-02 -1.822244341e+00 6.514724861e-02 -5.597176120e-12 1.717230877e+02 
