3.220822996e+01 -2.030890374e+01 -9.390038485e+01 -2.665176740e-02 -1.324033416e+00 8.178313249e-01 6.681863192e+00 -5.374328003e-01 -1.348370309e+01 
-2.030890374e+01 2.187118468e+03 -1.121764525e-08 -1.590044496e+00 -5.247221586e-01 -2.197320391e+00 1.012608769e+01 -2.248843121e-01 -2.764896492e-01 
-9.390038485e+01 -1.121764525e-08 2.174983612e+03 4.813482132e-02 -1.300475896e+01 -5.419297033e+00 -9.007494189e+01 2.024045746e-02 -2.443550242e+00 
-2.665176740e-02 -1.590044496e+00 4.813482132e-02 4.184846383e+01 -1.961444077e-11 8.324447349e-02 3.114610801e-02 4.992655036e-01 -1.538432873e+00 
-1.324033416e+00 -5.247221586e-01 -1.300475896e+01 -1.961444077e-11 4.166757665e+01 -1.817084388e-01 9.074708559e-01 1.227693730e+00 -2.452720266e-01 
8.178313249e-01 -2.197320391e+00 -5.419297033e+00 8.324447349e-02 -1.817084388e-01 2.164384641e+01 -6.420837626e-12 4.621315336e-01 -1.377064882e+00 
6.681863192e+00 1.012608769e+01 -9.007494189e+01 3.114610801e-02 9.074708559e-01 -6.420837626e-12 3.410558170e+01 1.883625573e-01 1.416753807e-01 
-5.374328003e-01 -2.248843121e-01 2.024045746e-02 4.992655036e-01 1.227693730e+00 4.621315336e-01 1.883625573e-01 5.598215501e+02 -2.090390847e-10 
-1.348370309e+01 -2.764896492e-01 -2.443550242e+00 -1.538432873e+00 -2.452720266e-01 -1.377064882e+00 1.416753807e-01 -2.090390847e-10 5.594744737e+02 
