cols	9
rows	9
data 81
4.822341622e+01 -2.973108959e+01 -1.897687041e+02 1.020772666e+00 9.830765133e+00 1.782361248e+00 1.943503997e+01 -6.472312479e+00 -7.004297704e+01 
-2.973108959e+01 3.272119742e+03 -2.463608210e-10 -3.879628426e+00 1.485943591e+00 -1.810806640e+00 1.209675057e+01 -4.362555317e-01 -5.767320312e-01 
-1.897687041e+02 -2.463608210e-10 3.228869019e+03 -1.614677772e-01 -5.975567054e+01 -6.846091271e+00 -2.128164398e+02 6.002311606e-02 -9.950451838e+00 
1.020772666e+00 -3.879628426e+00 -1.614677772e-01 1.436330021e+01 3.210396765e-12 7.264870335e-02 -9.984156061e-02 -4.488543876e-01 -1.439348878e+01 
9.830765133e+00 1.485943591e+00 -5.975567054e+01 3.210396765e-12 1.744415680e+01 5.199981235e-01 6.189632297e+00 1.378564198e+01 -1.017270307e+01 
1.782361248e+00 -1.810806640e+00 -6.846091271e+00 7.264870335e-02 5.199981235e-01 1.474558549e+01 2.086637485e-10 3.454370232e-01 -4.983926133e+00 
1.943503997e+01 1.209675057e+01 -2.128164398e+02 -9.984156061e-02 6.189632297e+00 2.086637485e-10 5.831861535e+01 9.165203314e-01 3.916732545e-01 
-6.472312479e+00 -4.362555317e-01 6.002311606e-02 -4.488543876e-01 1.378564198e+01 3.454370232e-01 9.165203314e-01 1.489085932e+03 1.855195737e-12 
-7.004297704e+01 -5.767320312e-01 -9.950451838e+00 -1.439348878e+01 -1.017270307e+01 -4.983926133e+00 3.916732545e-01 1.855195737e-12 1.485446490e+03 
