9.318918492e+00 -6.594624201e+00 -2.250483750e+01 -1.979527133e-01 -1.035866861e+01 4.992115322e-01 3.146911982e+00 -2.660451512e-01 -1.436606304e+01 
-6.594624201e+00 3.317887254e+02 -2.809691923e-10 -1.131757203e-01 -4.854673954e-01 -1.359487441e+00 4.607720084e+00 6.215017986e-03 -3.118552538e-01 
-2.250483750e+01 -2.809691923e-10 3.284004840e+02 1.790475040e-02 -3.166091106e+00 -1.477742975e+00 -1.764247950e+01 1.054501470e-02 -1.039869429e+00 
-1.979527133e-01 -1.131757203e-01 1.790475040e-02 8.950844458e+01 -3.065112772e-12 2.889603480e-01 1.506152557e-01 1.075326155e-03 -2.997135866e-01 
-1.035866861e+01 -4.854673954e-01 -3.166091106e+00 -3.065112772e-12 8.808300047e+01 -1.309705270e+00 -8.095457190e-02 2.747845760e-01 -8.867801378e-01 
4.992115322e-01 -1.359487441e+00 -1.477742975e+00 2.889603480e-01 -1.309705270e+00 3.315875456e+00 2.674372152e-11 6.251702772e-01 -1.536412279e+00 
3.146911982e+00 4.607720084e+00 -1.764247950e+01 1.506152557e-01 -8.095457190e-02 2.674372152e-11 7.470213558e+00 1.619903257e-01 -3.635016054e-02 
-2.660451512e-01 6.215017986e-03 1.054501470e-02 1.075326155e-03 2.747845760e-01 6.251702772e-01 1.619903257e-01 3.319648776e+02 -7.511664546e-12 
-1.436606304e+01 -3.118552538e-01 -1.039869429e+00 -2.997135866e-01 -8.867801378e-01 -1.536412279e+00 -3.635016054e-02 -7.511664546e-12 3.313111385e+02 
