1.750238413e+01 -1.889454610e+01 -6.214778328e+01 -3.300190128e-01 -8.599156641e+00 1.485810052e+00 7.515625012e+00 -5.803108766e-01 -9.311971677e+00 
-1.889454610e+01 9.353027889e+02 -1.641706654e-09 -1.695474540e+00 -1.810585362e+00 -3.875587541e+00 1.162370142e+01 -2.768354808e-01 -6.315402497e-01 
-6.214778328e+01 -1.641706654e-09 9.246274015e+02 1.387169782e-01 -1.621067858e+01 -5.812349348e+00 -5.394333585e+01 4.686895293e-02 -2.749907208e+00 
-3.300190128e-01 -1.695474540e+00 1.387169782e-01 5.257504847e+01 -8.455757997e-12 6.297077484e-01 2.169450527e-01 -4.977918794e-02 -1.061147321e+00 
-8.599156641e+00 -1.810585362e+00 -1.621067858e+01 -8.455757997e-12 5.037831823e+01 -1.415945051e+00 1.696458766e+00 1.027896256e+00 -8.652132347e-01 
1.485810052e+00 -3.875587541e+00 -5.812349348e+00 6.297077484e-01 -1.415945051e+00 4.696131905e+00 6.217034619e-11 7.400459677e-01 -1.275352675e+00 
7.515625012e+00 1.162370142e+01 -5.394333585e+01 2.169450527e-01 1.696458766e+00 6.217034619e-11 1.648039602e+01 1.892810996e-01 3.560456614e-01 
-5.803108766e-01 -2.768354808e-01 4.686895293e-02 -4.977918794e-02 1.027896256e+00 7.400459677e-01 1.892810996e-01 2.332718314e+02 -2.859500974e-11 
-9.311971677e+00 -6.315402497e-01 -2.749907208e+00 -1.061147321e+00 -8.652132347e-01 -1.275352675e+00 3.560456614e-01 -2.859500974e-11 2.328658955e+02
