3.207082243e+01 4.034011518e-02 2.902341272e+00 1.139685702e-01 2.854581034e+00 9.840712122e-02 2.790817620e+00 -5.831257825e-01 -3.654998967e+01 
4.034011518e-02 8.301140074e-04 5.555863400e-13 7.120256343e-04 -4.486515968e-02 4.755747712e-03 -8.403447610e-03 1.189918108e-01 -6.261965859e-01 
2.902341272e+00 5.555863400e-13 2.813996903e-01 5.211641604e-02 4.873316224e-01 5.761266362e-03 3.162028026e-01 2.978945183e-01 -3.414351208e-01 
1.139685702e-01 7.120256343e-04 5.211641604e-02 1.440496336e+01 3.411720996e-11 -1.448993300e-01 3.436944199e-02 1.857099802e+00 -3.662934642e+00 
2.854581034e+00 -4.486515968e-02 4.873316224e-01 3.411720996e-11 1.488353007e+01 -2.028465446e-02 2.223201013e-01 1.500084284e+00 -1.587996528e+00 
9.840712122e-02 4.755747712e-03 5.761266362e-03 -1.448993300e-01 -2.028465446e-02 5.954010844e+00 8.469190439e-12 9.206820793e-01 -2.959566826e+00 
2.790817620e+00 -8.403447610e-03 3.162028026e-01 3.436944199e-02 2.223201013e-01 8.469190439e-12 6.254938119e+00 2.053617276e+00 -2.608985354e+00 
-5.831257825e-01 1.189918108e-01 2.978945183e-01 1.857099802e+00 1.500084284e+00 9.206820793e-01 2.053617276e+00 1.306545098e+03 -1.046559985e-10 
-3.654998967e+01 -6.261965859e-01 -3.414351208e-01 -3.662934642e+00 -1.587996528e+00 -2.959566826e+00 -2.608985354e+00 -1.046559985e-10 1.305475538e+03 
