6.148149257e+00 8.423365550e-02 5.106368215e-01 -2.485764927e+00 -1.193381030e+01 3.567613079e-01 1.922151076e+00 -5.831774319e-02 -1.471595672e+00 
8.423365550e-02 6.954328282e-03 1.482693297e-13 -1.090403967e-01 -6.743289282e-02 8.300046910e-03 -3.638944208e-02 5.420507004e-02 -5.934377948e-02 
5.106368215e-01 1.482693297e-13 6.031898138e-02 1.725140912e-01 -1.204419910e+00 7.727436092e-02 2.508475609e-01 1.911498803e-02 8.961118224e-02 
-2.485764927e+00 -1.090403967e-01 1.725140912e-01 1.200594361e+02 -2.287897523e-12 -3.473539815e-01 1.560541409e+00 -2.471032997e-01 -4.026010559e-02 
-1.193381030e+01 -6.743289282e-02 -1.204419910e+00 -2.287897523e-12 1.171144009e+02 -1.295336307e+00 -9.455647697e+00 5.068984390e-03 -2.080378700e+00 
3.567613079e-01 8.300046910e-03 7.727436092e-02 -3.473539815e-01 -1.295336307e+00 3.188451096e+00 1.638994739e-11 1.426958167e-01 -2.301657176e-01 
1.922151076e+00 -3.638944208e-02 2.508475609e-01 1.560541409e+00 -9.455647697e+00 1.638994739e-11 6.183744613e+00 3.491237877e-02 3.230040594e-01 
-5.831774319e-02 5.420507004e-02 1.911498803e-02 -2.471032997e-01 5.068984390e-03 1.426958167e-01 3.491237877e-02 1.484593380e+01 4.215776967e-14 
-1.471595672e+00 -5.934377948e-02 8.961118224e-02 -4.026010559e-02 -2.080378700e+00 -2.301657176e-01 3.230040594e-01 4.215776967e-14 1.459373455e+01 
