1.341760653e+01 -1.024508352e+01 -3.415367132e+01 -3.309276947e-01 -9.136570454e+00 6.856104593e-01 3.952631915e+00 -7.154146634e-01 -1.713158573e+01 
-1.024508352e+01 5.830611019e+02 1.120855020e-10 -5.638308390e-01 -8.972035424e-01 -2.141329545e+00 6.938488427e+00 1.527171313e-02 -3.223843687e-01 
-3.415367132e+01 1.120855020e-10 5.784182730e+02 6.004658086e-02 -6.775633257e+00 -2.462504568e+00 -2.785387508e+01 1.826208219e-02 -1.020453709e+00 
-3.309276947e-01 -5.638308390e-01 6.004658086e-02 6.288057983e+01 -5.642743588e-13 3.993475803e-01 2.493777912e-01 1.129060934e-01 -1.305660869e+00 
-9.136570454e+00 -8.972035424e-01 -6.775633257e+00 -5.642743588e-13 6.110596781e+01 -1.322429860e+00 4.104043612e-01 1.105119906e+00 -9.289966788e-01 
6.856104593e-01 -2.141329545e+00 -2.462504568e+00 3.993475803e-01 -1.322429860e+00 6.129396718e+00 3.213652904e-11 9.667676473e-01 -2.142067744e+00 
3.952631915e+00 6.938488427e+00 -2.785387508e+01 2.493777912e-01 4.104043612e-01 3.213652904e-11 1.164420773e+01 3.418986152e-01 3.758118042e-02 
-7.154146634e-01 1.527171313e-02 1.826208219e-02 1.129060934e-01 1.105119906e+00 9.667676473e-01 3.418986152e-01 6.020413499e+02 1.067435833e-11 
-1.713158573e+01 -3.223843687e-01 -1.020453709e+00 -1.305660869e+00 -9.289966788e-01 -2.142067744e+00 3.758118042e-02 1.067435833e-11 6.015353088e+02 
