3.264451158e+01 -3.999466806e+01 -1.469327523e+02 -3.469201947e-01 -4.570201827e+00 2.231817104e+00 1.137902505e+01 -1.410383435e+00 -1.129643280e+01 
-3.999466806e+01 3.190777848e+03 -1.899786087e-09 -6.482765154e+00 -2.945922697e-01 -7.456812200e+00 2.404258570e+01 -1.196996085e+00 -6.221581506e-01 
-1.469327523e+02 -1.899786087e-09 3.173594841e+03 4.873556484e-02 -3.829992911e+01 -1.527319431e+01 -1.263761389e+02 9.114134217e-02 -6.491154225e+00 
-3.469201947e-01 -6.482765154e+00 4.873556484e-02 5.123711270e+01 -6.081394729e-12 5.408784561e-01 2.827962066e-01 3.088493516e-01 -2.783955472e+00 
-4.570201827e+00 -2.945922697e-01 -3.829992911e+01 -6.081394729e-12 5.008028059e+01 -1.085919484e+00 2.817417512e+00 2.465200524e+00 -5.047940232e-01 
2.231817104e+00 -7.456812200e+00 -1.527319431e+01 5.408784561e-01 -1.085919484e+00 1.509343047e+01 6.421174860e-11 7.822456338e-01 -2.054015603e+00 
1.137902505e+01 2.404258570e+01 -1.263761389e+02 2.827962066e-01 2.817417512e+00 6.421174860e-11 3.327336237e+01 4.736632157e-01 5.559181669e-01 
-1.410383435e+00 -1.196996085e+00 9.114134217e-02 3.088493516e-01 2.465200524e+00 7.822456338e-01 4.736632157e-01 2.963171060e+02 -2.523074191e-11 
-1.129643280e+01 -6.221581506e-01 -6.491154225e+00 -2.783955472e+00 -5.047940232e-01 -2.054015603e+00 5.559181669e-01 -2.523074191e-11 2.958331923e+02

