4.870290726e+01 -4.296636214e+01 -1.554292863e+02 6.003491040e-01 1.590519488e+00 3.160549582e+00 1.708398550e+01 -4.631654965e+00 -3.988261072e+01 
-4.296636214e+01 2.604894951e+03 -2.363243144e-09 -1.253877546e+01 6.333023472e+00 -7.236397811e+00 2.393973828e+01 -1.253864764e+00 -8.420837884e-01 
-1.554292863e+02 -2.363243144e-09 2.579275817e+03 -1.633830814e+00 -8.074308498e+01 -1.371006213e+01 -1.323066817e+02 1.044783818e-01 -1.237129483e+01 
6.003491040e-01 -1.253877546e+01 -1.633830814e+00 4.377511302e+01 -8.249931748e-12 5.181088836e-01 2.585748144e-01 3.334493344e+00 -9.512965154e+00 
1.590519488e+00 6.333023472e+00 -8.074308498e+01 -8.249931748e-12 4.458314593e+01 -5.739978442e-01 8.682378298e+00 4.574999512e+00 -4.858610570e+00 
3.160549582e+00 -7.236397811e+00 -1.371006213e+01 5.181088836e-01 -5.739978442e-01 2.041906691e+01 6.608276343e-11 1.450420771e+00 -6.481589524e+00 
1.708398550e+01 2.393973828e+01 -1.323066817e+02 2.585748144e-01 8.682378298e+00 6.608276343e-11 4.762989796e+01 1.404211839e+00 -3.809751165e-01 
-4.631654965e+00 -1.253864764e+00 1.044783818e-01 3.334493344e+00 4.574999512e+00 1.450420771e+00 1.404211839e+00 6.318405899e+02 -6.901999703e-11 
-3.988261072e+01 -8.420837884e-01 -1.237129483e+01 -9.512965154e+00 -4.858610570e+00 -6.481589524e+00 -3.809751165e-01 -6.901999703e-11 6.287446685e+02 
