6.603220794e+00 -4.377287166e-04 -4.959566726e-04 4.743971722e-01 2.283187260e+00 4.389879046e-02 -3.977169453e-03 -4.838126049e-01 -4.132158341e+01 
-4.377287166e-04 6.001145882e+00 -5.198908245e-11 -4.695775070e-02 9.781798310e-02 6.198838974e-05 -4.186294085e-04 6.161014349e-02 -1.161603031e+00 
-4.959566726e-04 -5.198908245e-11 6.000224077e+00 -1.230741685e-03 1.345542486e-03 5.830154143e-06 -7.579083600e-04 1.011897138e-03 -1.902856199e-02 
4.743971722e-01 -4.695775070e-02 -1.230741685e-03 2.270178405e-01 2.057893824e-12 3.596479972e-02 -1.630142883e-01 2.989804338e-01 -5.692981081e+00 
2.283187260e+00 9.781798310e-02 1.345542486e-03 2.057893824e-12 1.430963198e+00 1.804379017e-01 3.215092082e-01 3.941578363e-01 -7.304300659e+00 
4.389879046e-02 6.198838974e-05 5.830154143e-06 3.596479972e-02 1.804379017e-01 6.003956528e+00 -7.268792287e-13 1.584358870e-01 -3.189269923e+00 
-3.977169453e-03 -4.186294085e-04 -7.579083600e-04 -1.630142883e-01 3.215092082e-01 -7.268792287e-13 5.998596148e+00 1.994892999e-01 -3.747944587e+00 
-4.838126049e-01 6.161014349e-02 1.011897138e-03 2.989804338e-01 3.941578363e-01 1.584358870e-01 1.994892999e-01 1.162709868e+03 -9.066974100e-12 
-4.132158341e+01 -1.161603031e+00 -1.902856199e-02 -5.692981081e+00 -7.304300659e+00 -3.189269923e+00 -3.747944587e+00 -9.066974100e-12 1.160908091e+03 
