1.000126823e+00 1.709927605e-04 2.949432967e-02 1.834811447e-02 -6.632297250e-03 -4.847340725e-03 -5.897129648e-01 6.005090242e-04 5.586161679e-03 
1.709927605e-04 1.345511535e+02 6.686451547e-04 -7.818116489e-02 1.780727656e-02 -1.410694723e-03 -2.149055841e-03 3.293738258e-05 -2.345270419e-04 
2.949432967e-02 6.686451547e-04 9.519021451e-01 9.367149509e-03 1.014950585e-01 -3.093808852e-01 3.015151856e-02 1.819600835e-04 1.215324132e-03 
1.834811447e-02 -7.818116489e-02 9.367149509e-03 3.445119256e-01 2.893240281e-02 -5.126158294e-02 3.284973270e+00 -2.158351263e-03 2.209736650e-03 
-6.632297250e-03 1.780727656e-02 1.014950585e-01 2.893240281e-02 1.403278765e+01 2.888198129e-03 3.374129651e-02 1.887340008e-02 1.008709967e-02 
-4.847340725e-03 -1.410694723e-03 -3.093808852e-01 -5.126158294e-02 2.888198129e-03 1.402739218e+01 3.936765426e-01 1.491355280e-02 -3.638003272e-02 
-5.897129648e-01 -2.149055841e-03 3.015151856e-02 3.284973270e+00 3.374129651e-02 3.936765426e-01 1.376854720e+02 -3.846602205e-02 1.606674583e-01 
6.005090242e-04 3.293738258e-05 1.819600835e-04 -2.158351263e-03 1.887340008e-02 1.491355280e-02 -3.846602205e-02 8.831437863e-01 5.468767641e-01 
5.586161679e-03 -2.345270419e-04 1.215324132e-03 2.209736650e-03 1.008709967e-02 -3.638003272e-02 1.606674583e-01 5.468767641e-01 6.826189120e-01 
