9.957678937e-01 7.822633458e-02 -3.712659132e-01 6.091798456e-01 -2.049058955e-01 4.296203559e-01 -6.095398847e-01 
7.822633458e-02 5.108675207e+00 -2.021916046e+00 1.299886443e+00 5.403285196e-01 -1.146466171e+00 1.253840653e+00 
-3.712659132e-01 -2.021916046e+00 1.820027382e+00 -1.061139348e+00 6.298662251e-02 -7.268011997e-02 -9.660935264e-02 
6.091798456e-01 1.299886443e+00 -1.061139348e+00 1.786747502e+00 4.995888721e-02 -3.469647694e-01 6.238359544e-01 
-2.049058955e-01 5.403285196e-01 6.298662251e-02 4.995888721e-02 1.971860754e+00 -2.052005990e+00 5.236407514e-01 
4.296203559e-01 -1.146466171e+00 -7.268011997e-02 -3.469647694e-01 -2.052005990e+00 2.169895998e+01 -3.408910521e+01 
-6.095398847e-01 1.253840653e+00 -9.660935264e-02 6.238359544e-01 5.236407514e-01 -3.408910521e+01 4.320770284e+02 
