2.195037967e-05 2.261449131e-02 4.751094163e-03 2.296643596e-04 4.159366445e-05 -2.434958602e-06 -3.889595585e-09 -2.441801783e-06 -2.000348494e-07 
-2.260380648e-02 2.431387565e+01 1.900846420e-04 1.011136556e-01 5.173959073e-03 1.702234895e-02 5.130777485e+00 -1.444372911e-03 6.106988285e-03 
-4.750956456e-03 -1.900846420e-04 8.481355469e-03 2.433071240e-06 5.565061416e-03 2.047263915e-03 -2.811745716e-06 5.941740313e-05 -3.690446793e-06 
-2.288866728e-04 -1.011136556e-01 -2.433071240e-06 6.670674992e-03 9.869080836e-04 5.034304233e-04 -3.058775526e-03 -9.442335499e-06 3.151069226e-05 
-4.164038973e-05 -5.173959073e-03 -5.565061416e-03 -9.869080836e-04 7.244466465e-05 2.381276821e-01 1.717057800e-05 2.450163257e-04 -6.471338479e-04 
2.436214277e-06 -1.702234895e-02 -2.047263915e-03 -5.034304233e-04 -2.381276821e-01 1.079055107e-09 1.973574944e-05 -3.488519605e-04 -1.934775536e-04 
4.014815985e-09 -5.130777485e+00 2.811745716e-06 3.058775526e-03 -1.717057800e-05 -1.973574944e-05 9.994870207e-10 -1.213750191e-07 8.905406880e-06 
2.441572955e-06 1.444372911e-03 -5.941740313e-05 9.442335499e-06 -2.450163257e-04 3.488519605e-04 1.213750191e-07 9.974161188e-10 -1.056341493e-06 
2.000350726e-07 -6.106988285e-03 3.690446793e-06 -3.151069226e-05 6.471338479e-04 1.934775536e-04 -8.905406880e-06 1.056341493e-06 4.120793621e-10 
