4.116240908e-04 4.841334728e-03 7.521292511e-03 5.277078557e-03 2.968606763e-03 1.344254364e-03 -4.838632978e-03 6.019980048e-02 2.479825983e-02 
-4.968334661e-03 5.948460848e-05 -1.998964502e-03 -3.581382404e-03 -1.255511637e-03 -1.325078129e-03 9.071324755e-04 -1.087608489e-02 -2.967332161e-02 
-7.454547234e-03 1.998964502e-03 6.858692943e-05 -2.878419372e-03 -1.578343931e-03 4.694039146e-03 -7.647044121e-05 1.147102168e-02 -3.876900143e-02 
-5.223822529e-03 3.581382404e-03 2.878419372e-03 4.016642144e-04 7.022838304e-03 -2.984536597e-02 1.441710267e-03 -1.190122253e-02 -1.228140634e-02 
-3.419392000e-03 1.255511637e-03 1.578343931e-03 -7.022838304e-03 3.203751658e-03 -1.661349883e-02 9.052782822e-03 2.359824763e-03 -8.253061497e-01 
-3.609340436e-03 1.325078129e-03 -4.694039146e-03 2.984536597e-02 1.661349883e-02 6.957698296e-02 1.672292897e-03 -1.739784271e-02 1.194937017e-01 
1.774452877e-04 -9.071324755e-04 7.647044121e-05 -1.441710267e-03 -9.052782822e-03 -1.672292897e-03 1.106535206e-01 1.831504623e-02 9.468325063e-02 
-4.311469918e-02 1.087608489e-02 -1.147102168e-02 1.190122253e-02 -2.359824763e-03 1.739784271e-02 -1.831504623e-02 8.846716661e-01 5.553563301e-02 
1.257485937e-03 2.967332161e-02 3.876900143e-02 1.228140634e-02 8.253061497e-01 -1.194937017e-01 -9.468325063e-02 -5.553563301e-02 2.072309161e+00 
