1.000000873e+00 -1.996893627e-01 -4.517816158e-01 6.372403498e-01 -2.232705486e+00 3.532769537e-01 7.008881235e-03 3.733793730e-02 1.866254990e-01 
-1.996893627e-01 1.151004132e+00 1.011688911e-01 1.770137406e-01 2.245858297e+00 -5.707220192e-01 -1.184789508e-01 -3.968438805e-02 -5.272981875e-02 
-4.517816158e-01 1.011688911e-01 8.697884016e-01 1.432107679e-01 3.165270546e+00 -7.054693321e-01 -1.341912534e-01 -3.117648100e-02 -1.402474802e-01 
6.372403498e-01 1.770137406e-01 1.432107679e-01 3.774068629e+00 -1.458419129e+00 -7.189924457e-01 -5.104191241e-01 -7.726290308e-02 8.588641386e-01 
-2.232705486e+00 2.245858297e+00 3.165270546e+00 -1.458419129e+00 5.994061749e+01 -9.627306303e+00 -3.966987809e+00 -7.421250763e-01 4.101086586e-01 
3.532769537e-01 -5.707220192e-01 -7.054693321e-01 -7.189924457e-01 -9.627306303e+00 2.028429761e+00 5.626725261e-01 9.243180776e-02 3.352661967e-01 
7.008881235e-03 -1.184789508e-01 -1.341912534e-01 -5.104191241e-01 -3.966987809e+00 5.626725261e-01 6.416372322e-01 1.474780268e-01 -1.154773692e+00 
3.733793730e-02 -3.968438805e-02 -3.117648100e-02 -7.726290308e-02 -7.421250763e-01 9.243180776e-02 1.474780268e-01 9.367002652e-02 -9.754779948e-01 
1.866254990e-01 -5.272981875e-02 -1.402474802e-01 8.588641386e-01 4.101086586e-01 3.352661967e-01 -1.154773692e+00 -9.754779948e-01 6.304463435e+01 
