1.000095577e+00 -4.213321117e-01 -2.585136090e-01 8.011991051e-03 -3.144628430e-01 4.801273433e-01 7.029979315e-01 -6.172324714e-01 -3.534958166e-02 
-4.213321117e-01 4.694436894e+00 6.368431159e-01 3.615911977e-01 -8.529935104e-01 -1.846714569e+00 8.446262906e-01 1.761814586e-01 4.176741755e-02 
-2.585136090e-01 6.368431159e-01 6.409643655e+00 5.544303684e-02 -3.330061946e-01 2.893678422e-01 -3.549135384e-01 4.959307867e-01 -5.208424917e-02 
8.011991051e-03 3.615911977e-01 5.544303684e-02 7.421219223e-01 3.594832133e-01 2.749673534e-02 -2.208247254e-01 1.360194065e-01 3.425836445e-03 
-3.144628430e-01 -8.529935104e-01 -3.330061946e-01 3.594832133e-01 1.701772033e+00 1.649893595e-01 -8.971733818e-01 5.751816003e-01 2.018226216e-02 
4.801273433e-01 -1.846714569e+00 2.893678422e-01 2.749673534e-02 1.649893595e-01 1.636973095e+00 -1.401726978e-01 -1.848351849e-01 -2.515959023e-02 
7.029979315e-01 8.446262906e-01 -3.549135384e-01 -2.208247254e-01 -8.971733818e-01 -1.401726978e-01 1.561348905e+00 -8.869009095e-01 -4.007640969e-02 
-6.172324714e-01 1.761814586e-01 4.959307867e-01 1.360194065e-01 5.751816003e-01 -1.848351849e-01 -8.869009095e-01 1.203091119e+00 2.249257975e-01 
-3.534958166e-02 4.176741755e-02 -5.208424917e-02 3.425836445e-03 2.018226216e-02 -2.515959023e-02 -4.007640969e-02 2.249257975e-01 6.754734246e+00 
