   2.121079053e-02    -5.112480053e-03    -3.487417713e-03     3.408904400e-02    -5.933182893e-01    -6.256310664e-01    -1.625431182e-01  
   4.756655813e-03     7.656582367e-02     1.495249773e-01     2.641030422e-02     4.944194194e-02     6.227693868e-02     5.526169661e-01  
  -3.282443152e-03    -1.495249773e-01     2.431833587e-01     1.894596896e-02     1.738271044e-01     1.651144581e-02     9.125673313e+00  
  -1.250703426e-02    -2.641030422e-02    -1.894596896e-02     9.733057582e-01     4.416867048e-01     3.512670107e-01    -1.361506819e+00  
  -1.888797039e-01    -4.944194194e-02    -1.738271044e-01    -4.416867048e-01     2.833569548e+01    -1.090844946e+01     2.541087347e+00  
  -1.002276078e+00    -6.227693868e-02    -1.651144581e-02    -3.512670107e-01     1.090844946e+01     4.235036960e+01    -1.775101693e+00  
   1.453383628e-01    -5.526169661e-01    -9.125673313e+00     1.361506819e+00    -2.541087347e+00     1.775101693e+00     4.237604286e+01  
