   9.999995079e-01    -6.482917709e-02    -2.638062023e-01     3.767562286e-02     9.902106355e-03     2.366072961e-02     1.784452840e-02  
  -6.482917709e-02     2.170429329e+00    -6.011940202e-02    -1.333010499e-01     2.245023609e-02    -2.075960016e-02    -2.566171204e-01  
  -2.638062023e-01    -6.011940202e-02     1.935738802e+01    -2.041305886e+00     2.564815479e-01    -1.982061489e-01    -4.790125559e-01  
   3.767562286e-02    -1.333010499e-01    -2.041305886e+00     3.046739659e-01    -4.365973024e-02     3.913852049e-02     2.383180458e-01  
   9.902106355e-03     2.245023609e-02     2.564815479e-01    -4.365973024e-02     8.846212621e-02    -5.835709109e-02    -6.416778048e-01  
   2.366072961e-02    -2.075960016e-02    -1.982061489e-01     3.913852049e-02    -5.835709109e-02     4.415010588e-02     4.697721332e-01  
   1.784452840e-02    -2.566171204e-01    -4.790125559e-01     2.383180458e-01    -6.416778048e-01     4.697721332e-01     2.180451277e+01  
