1.426161421e-02 3.759936261e-02 2.479722621e-01 -9.049841463e-02 1.717971108e-02 7.742076702e-02 -3.343327914e-03 -5.991868868e-02 -2.291875910e-02 
-3.759898229e-02 4.943681991e-11 -4.129335806e-01 1.122565867e-02 2.323919459e-02 -2.772571922e-02 2.872743884e-02 7.243890011e-02 4.181924970e+00 
-2.479725384e-01 4.129335806e-01 1.221149240e-10 6.231570405e-02 1.366524770e-01 -2.458074671e-01 -2.228898206e-01 6.877368505e-01 1.217402115e+01 
9.049789640e-02 -1.122565867e-02 -6.231570405e-02 7.786645101e-11 -4.875264004e-03 -5.669649757e-02 -6.623394759e-03 5.979759165e-02 1.472063226e-01 
-1.717911091e-02 -2.323919459e-02 -1.366524770e-01 4.875264004e-03 5.549308658e-10 2.804052284e-02 4.299346653e-02 6.203087289e-03 -2.086261073e+00 
-7.781123302e-02 2.772571922e-02 2.458074671e-01 5.669649757e-02 -2.804052284e-02 9.094077447e-05 -4.512784342e-02 -1.410556657e-02 -5.199017393e-01 
6.343898221e-03 -2.872743884e-02 2.228898206e-01 6.623394759e-03 -4.299346653e-02 4.512784342e-02 9.387654016e-02 4.000274681e-02 9.535061271e-01 
8.123717003e-02 -7.243890011e-02 -6.877368505e-01 -5.979759165e-02 -6.203087289e-03 1.410556657e-02 -4.000274681e-02 5.534632245e-01 -1.192522719e+00 
-1.257634580e+00 -4.181924970e+00 -1.217402115e+01 -1.472063226e-01 2.086261073e+00 5.199017393e-01 -9.535061271e-01 1.192522719e+00 4.683145536e+01 
