1.015904023e+00 1.096294307e-01 -3.157555596e-01 5.784394132e-01 -2.294845830e-01 3.625328510e-01 -7.424111105e-01 
1.096294307e-01 3.851982363e+00 -1.617929212e+00 1.222949130e+00 6.747996440e-01 -8.679685758e-01 1.181029268e+00 
-3.157555596e-01 -1.617929212e+00 1.513223527e+00 -7.625951805e-01 1.626404299e-02 -3.723855972e-02 -6.393089133e-02 
5.784394132e-01 1.222949130e+00 -7.625951805e-01 1.532779865e+00 1.739809445e-01 -3.200515622e-01 5.841909711e-01 
-2.294845830e-01 6.747996440e-01 1.626404299e-02 1.739809445e-01 3.032415000e+00 -3.350702453e+00 5.207537450e+00 
3.625328510e-01 -8.679685758e-01 -3.723855972e-02 -3.200515622e-01 -3.350702453e+00 1.477343228e+01 -2.723086770e+01 
-7.424111105e-01 1.181029268e+00 -6.393089133e-02 5.841909711e-01 5.207537450e+00 -2.723086770e+01 3.743077975e+02 
