1.263885145e-04 -1.730912671e-03 2.949039376e-02 2.425164129e-02 -2.448185542e-02 -7.156448086e-03 3.035933521e-03 
1.878677267e-03 5.653923080e-04 -7.045570243e-03 9.099567127e-03 5.458414622e-03 1.673557841e-02 -4.307358084e-03 
-2.970260516e-02 7.045570243e-03 4.032597577e-03 1.816152722e-03 5.084701570e-03 2.143813878e-03 3.626472948e-04 
-2.255165880e-02 -9.099567127e-03 -1.816152722e-03 1.885339408e-02 -1.397299715e-02 -8.420458064e-03 -3.297852033e-03 
2.268209169e-02 -5.458414622e-03 -5.084701570e-03 1.397299715e-02 2.464424879e-01 9.028475997e-02 -2.234623635e-02 
1.274633873e-02 -1.673557841e-02 -2.143813878e-03 8.420458064e-03 -9.028475997e-02 4.289188536e-01 1.630892851e-01 
-1.954570368e-03 4.307358084e-03 -3.626472948e-04 3.297852033e-03 2.234623635e-02 -1.630892851e-01 1.669836790e+00 
