   1.000008638e-10     7.197057911e-02     5.822379012e-01    -1.628546813e-01    -1.248894080e-02     1.195869574e-01    -1.636681085e-01  
  -7.197058163e-02     5.133097683e-06    -3.965085042e-02     1.048659839e-01     9.363074494e-03    -7.041919299e-03     9.429806773e-02  
  -5.822379355e-01     3.965085042e-02     1.794569233e-04     7.735907023e-01     2.490561143e-02    -9.611765889e-02    -2.960376541e-01  
   1.628546910e-01    -1.048659839e-01    -7.735907023e-01     5.118955983e-04     2.989406007e-02    -1.212782891e-01     8.418339681e-01  
   1.248893102e-02    -9.363074494e-03    -2.490561143e-02    -2.989406007e-02     2.813916284e-04     6.091013660e-02    -1.890878355e-01  
  -1.195864346e-01     7.041919299e-03     9.611765889e-02     1.212782891e-01    -6.091013660e-02     7.648903075e-01    -8.463113109e-01  
   1.636696547e-01    -9.429806773e-02     2.960376541e-01    -8.418339681e-01     1.890878355e-01     8.463113109e-01     9.449500077e-01  
