   4.145846885e-09     6.448695824e-01    -7.837822633e-04     5.823887084e-02     9.514913193e-03     1.111260244e-01    -6.563875930e-02  
  -6.448695842e-01     3.665376975e-06     6.660416126e-02     2.795544078e-02     9.259296542e-01    -1.942772489e-01    -4.601257415e-01  
   7.837818449e-04    -6.660416126e-02     1.036662828e-05    -1.040085858e-02    -2.272698306e-02    -4.522670360e-02    -1.586275755e-01  
  -5.823886755e-02    -2.795544078e-02     1.040085858e-02     1.806530486e-05     1.024311547e-01     1.068084719e-01     2.147672433e-01  
  -9.514890467e-03    -9.259296542e-01     2.272698306e-02    -1.024311547e-01     2.446152015e-03     7.624727202e-02     1.005543151e+00  
  -1.111260946e-01     1.942772489e-01     4.522670360e-02    -1.068084719e-01    -7.624727202e-02     4.303725122e-01    -8.313122907e-01  
   6.563958574e-02     4.601257415e-01     1.586275755e-01    -2.147672433e-01    -1.005543151e+00     8.313122907e-01     1.517550854e+00  
