   8.382395914e-04     1.964589552e-04     5.146220951e-02     1.988369999e-01    -1.531652751e-03     2.463713508e-01     6.975267555e-02  
  -1.351410918e-04     1.013720803e-05    -4.165071464e-05    -1.682736701e-04     1.194542166e-04    -1.720230190e-03    -1.454920375e-03  
  -5.142768195e-02     4.165071464e-05     1.381839998e-05     1.255611730e-01    -1.199917814e-03     8.617243345e-03     3.427070894e-02  
  -1.990404001e-01     1.682736701e-04    -1.255611730e-01     2.960566085e-04    -1.033951554e-03    -5.425209542e-01    -1.581366919e-01  
   6.272607647e-04    -1.194542166e-04     1.199917814e-03     1.033951554e-03     2.977569045e-04    -7.137192436e-03     3.289664959e-02  
  -2.476850258e-01     1.720230190e-03    -8.617243345e-03     5.425209542e-01     7.137192436e-03     2.038049111e-01    -4.233158264e-01  
  -7.041850581e-02     1.454920375e-03    -3.427070894e-02     1.581366919e-01    -3.289664959e-02     4.233158264e-01     7.137646957e-01  
