   1.000018172e-10     2.470239581e-04     7.073071967e-02     1.966224089e-01     4.886039146e-01     2.218847058e-02     8.242661002e-02  
  -2.470041670e-04     2.732304151e-06     1.352231839e-03     1.474466590e-02    -4.474135803e-04    -3.010048715e-03    -2.501750556e-01  
  -7.073071518e-02    -1.352231839e-03     6.720611737e-07     1.613070138e-01     6.042935930e-03     5.382610285e-05     1.112577569e-01  
  -1.966223837e-01    -1.474466590e-02    -1.613070138e-01     1.871783980e-04    -1.105631994e+00    -5.659381914e-02     1.200542363e+00  
  -4.886039085e-01     4.474135803e-04    -6.042935930e-03     1.105631994e+00     2.421967346e-04     1.216643636e-03    -4.363006826e-01  
  -2.218768233e-02     3.010048715e-03    -5.382610285e-05     5.659381914e-02    -1.216643636e-03     1.103273838e-02    -4.652277002e-01  
  -8.241036856e-02     2.501750556e-01    -1.112577569e-01    -1.200542363e+00     4.363006826e-01     4.652277002e-01     2.864476893e+00  
