   9.999612646e-11     6.451848346e-01     9.295048892e-02    -8.034368551e-03     7.780391095e-03     2.272583303e-02    -7.109463090e-06  
  -6.451848344e-01     3.290571481e-08     8.944650166e-02     4.639835829e-02     9.810836737e-01    -9.403769278e-02    -6.387702088e-02  
  -9.295049048e-02    -8.944650166e-02     2.572701214e-06     1.441351152e-02     1.251459476e-01     2.686347038e-01     1.293560524e-01  
   8.034362137e-03    -4.639835829e-02    -1.441351152e-02     1.174881850e-04    -1.376993569e-02    -2.023609360e-01    -3.109839882e-02  
  -7.780286612e-03    -9.810836737e-01    -1.251459476e-01     1.376993569e-02     5.162590474e-03     7.638950318e-01     1.678888597e-02  
  -2.272600236e-02     9.403769278e-02    -2.686347038e-01     2.023609360e-01    -7.638950318e-01     2.421603070e-01     1.026947951e+00  
   8.223061793e-06     6.387702088e-02    -1.293560524e-01     3.109839882e-02    -1.678888597e-02    -1.026947951e+00     9.485664958e-01  
