   1.093350769e-06     3.455733630e-01     5.271821071e-02     1.945335429e-03     1.458606329e-02    -1.480237582e-03     9.194691195e-03  
  -3.455734487e-01     2.671799689e-08     2.854585120e-02     3.991650744e-03     8.504309224e-01    -8.696547697e-02     4.089278430e-03  
  -5.271851778e-02    -2.854585120e-02     1.117664962e-07     1.901964205e-03     1.318783392e-01     5.825853457e-04     1.239828124e-01  
  -1.945327726e-03    -3.991650744e-03    -1.901964205e-03     3.362349788e-08    -5.338644968e-03    -2.109989087e-02    -9.418973466e-02  
  -1.458841740e-02    -8.504309224e-01    -1.318783392e-01     5.338644968e-03     1.472057551e-05     4.800330848e-02     6.180975699e-01  
   9.851251790e-04     8.696547697e-02    -5.825853457e-04     2.109989087e-02    -4.800330848e-02     2.197108204e-01     5.222080881e-01  
  -8.499856107e-03    -4.089278430e-03    -1.239828124e-01     9.418973466e-02    -6.180975699e-01    -5.222080881e-01     2.746822319e-01  
