   1.972640601e-06     4.533325532e-01     6.309665908e-02     1.415022569e-01     4.179474707e-03     2.987251077e-03     1.045680721e-02  
  -4.533331795e-01     5.656851848e-07    -8.614875119e-03     1.034160516e+00    -6.204259312e-04     2.369266235e-02    -1.103554435e-01  
  -6.309704352e-02     8.614875119e-03     1.521580150e-06     1.495397373e-01    -1.648887134e-03     1.089421765e-03     9.157273141e-02  
  -1.415089752e-01    -1.034160516e+00    -1.495397373e-01     2.655501130e-05    -1.972587810e-02    -1.006821255e-02     1.014812309e+00  
  -4.184567218e-03     6.204259312e-04     1.648887134e-03     1.972587810e-02     5.458677422e-04    -1.402299181e-04    -2.449907075e-01  
  -2.829124406e-03    -2.369266235e-02    -1.089421765e-03     1.006821255e-02     1.402299181e-04     6.069991059e-02    -4.556583967e-01  
  -7.888010449e-03     1.103554435e-01    -9.157273141e-02    -1.014812309e+00     2.449907075e-01     4.556583967e-01     1.335539726e+00  
