   9.999995625e-11     5.475077567e-01     6.871794454e-02    -4.050690790e-02    -1.191300553e-02     1.838193516e-02    -1.832704907e-03  
  -5.475077644e-01     9.211682467e-07     5.703762119e-02     9.902285745e-01     1.963798730e-02     3.987129817e-02     8.610815472e-02  
  -6.871794387e-02    -5.703762119e-02     1.235250274e-07     1.462839242e-01    -9.637501257e-04     1.940093730e-01    -2.604634881e-02  
   4.050691832e-02    -9.902285745e-01    -1.462839242e-01     5.894879195e-05     2.294972591e-02     8.455706252e-01    -7.393124451e-02  
   1.191290578e-02    -1.963798730e-02     9.637501257e-04    -2.294972591e-02     2.452831771e-03    -2.563172069e-01     7.222416553e-02  
  -1.838656131e-02    -3.987129817e-02    -1.940093730e-01    -8.455706252e-01     2.563172069e-01     1.981573954e-01     1.170385692e+00  
   1.824583478e-03    -8.610815472e-02     2.604634881e-02     7.393124451e-02    -7.222416553e-02    -1.170385692e+00     1.072168777e+00  
