   2.136570575e-09     6.112750129e-01     3.692103034e-02    -2.709651152e-03     2.880571959e-03     1.261888573e-03     4.267881512e-03     5.059011426e-04     1.845018342e-03  
  -6.112750129e-01     5.439803436e-09     7.138694484e-02    -4.223243973e-02     3.079025144e-01     7.350314265e-01     1.252523079e-01     3.787596080e-01     3.852760027e-02  
  -3.692101668e-02    -7.138694484e-02     1.036291785e-06     9.502939406e-02    -2.011720908e-02    -4.187405843e-01    -4.271515368e-01    -1.006186234e-01    -7.750200818e-01  
   2.709603695e-03     4.223243973e-02    -9.502939406e-02     1.526056876e-05    -9.437336427e-03     7.297209603e-02     9.664392550e-02     2.378621078e-02     1.307342586e-01  
  -2.880546726e-03    -3.079025144e-01     2.011720908e-02     9.437336427e-03     1.317916531e-05    -5.320170822e-02    -8.914355158e-02    -1.096144370e-02    -6.585464217e-02  
  -1.261356255e-03    -7.350314265e-01     4.187405843e-01    -7.297209603e-02     5.320170822e-02     5.628112623e-05    -3.329092662e-01     9.069972317e-02     3.941866893e-01  
  -4.267810186e-03    -1.252523079e-01     4.271515368e-01    -9.664392550e-02     8.914355158e-02     3.329092662e-01     1.229862470e-04     1.577270340e-02     4.039784812e-01  
  -5.052581475e-04    -3.787596080e-01     1.006186234e-01    -2.378621078e-02     1.096144370e-02    -9.069972317e-02    -1.577270340e-02     1.421322202e-04     1.643158941e-02  
  -1.840422825e-03    -3.852760027e-02     7.750200818e-01    -1.307342586e-01     6.585464217e-02    -3.941866893e-01    -4.039784812e-01    -1.643158941e-02     5.875539742e-01  
