   1.257561946e-08    -2.746767769e-03     3.267548453e-01    -2.092524787e-03     1.533161806e-02     3.051229613e-02    -1.294180886e-03     6.837908896e-03     9.796483835e-04  
   2.746766315e-03     9.291260794e-09     5.973328994e-03    -8.091938937e-04     1.240927657e-03    -5.972103327e-03    -2.538804857e-04    -2.574300011e-03    -4.665540662e-03  
  -3.267548457e-01    -5.973328994e-03     6.432692094e-08     5.976405671e-02     1.505766789e-01     4.376476462e-02    -3.888774920e-03     5.951545712e-01    -2.737906375e-02  
   2.092523750e-03     8.091938937e-04    -5.976405671e-02     5.039974022e-07     9.752715070e-04    -3.030604654e-02    -1.435828261e-04    -2.293448052e-03    -5.666351438e-02  
  -1.533142602e-02    -1.240927657e-03    -1.505766789e-01    -9.752715070e-04     3.726543971e-05     8.846925600e-02     3.951014683e-04     4.366193596e-02     3.199013696e-01  
  -3.051229189e-02     5.972103327e-03    -4.376476462e-02     3.030604654e-02    -8.846925600e-02     9.652396212e-06     9.812315145e-03    -9.485143424e-02    -3.100142715e-01  
   1.294166716e-03     2.538804857e-04     3.888774920e-03     1.435828261e-04    -3.951014683e-04    -9.812315145e-03     5.113349176e-05    -2.881939610e-03     5.026808024e-03  
  -6.837651437e-03     2.574300011e-03    -5.951545712e-01     2.293448052e-03    -4.366193596e-02     9.485143424e-02     2.881939610e-03     8.043616893e-05     4.923127524e-01  
  -1.182231010e-03     4.665540662e-03     2.737906375e-02     5.666351438e-02    -3.199013696e-01     3.100142715e-01    -5.026808024e-03    -4.923127524e-01     8.647344565e-01  
