   1.735912210e-08     6.218572910e-01     8.457662113e-02    -3.182421706e-04    -5.516026140e-03     3.506105362e-03     5.096125997e-04  
  -6.218572912e-01     1.051547807e-08     6.867282890e-02     1.615609517e-02     9.045969484e-01    -9.232652616e-03    -1.659455761e-02  
  -8.457661870e-02    -6.867282890e-02     8.088455826e-07     1.094594701e-02     1.080510905e-01     2.761580769e-01     1.492895382e-01  
   3.182272159e-04    -1.615609517e-02    -1.094594701e-02     5.063580151e-04    -8.502978729e-03    -1.847208105e-01    -1.429476884e-02  
   5.521431713e-03    -9.045969484e-01    -1.080510905e-01     8.502978729e-03     4.447581813e-04     6.865394388e-01     1.396600146e-02  
  -3.501912774e-03     9.232652616e-03    -2.761580769e-01     1.847208105e-01    -6.865394388e-01     7.998374659e-03     1.063817173e+00  
  -4.768913595e-04     1.659455761e-02    -1.492895382e-01     1.429476884e-02    -1.396600146e-02    -1.063817173e+00     1.040230552e+00  
