   1.253599144e-08     3.255289147e-01     4.570017591e-02    -8.726424011e-04     8.017812793e-03     1.596705806e-04     1.945336088e-03  
  -3.255289210e-01     5.306416703e-08    -1.383688693e-03     4.668880463e-03     7.599138957e-01     3.471132823e-02     1.473802143e-02  
  -4.570017088e-02     1.383688693e-03     2.989590177e-06    -1.862219038e-03     1.116078966e-01     5.204652994e-03     5.494780633e-02  
   8.726000428e-04    -4.668880463e-03     1.862219038e-03     1.195222412e-04     1.166501772e-02     5.870213512e-03    -1.860201780e-01  
  -8.016824688e-03    -7.599138957e-01    -1.116078966e-01    -1.166501772e-02     1.513117594e-04     4.393629042e-03     6.501546556e-01  
  -1.033085304e-04    -3.471132823e-02    -5.204652994e-03    -5.870213512e-03    -4.393629042e-03     2.161210602e-01    -4.376133787e-01  
  -1.844036378e-03    -1.473802143e-02    -5.494780633e-02     1.860201780e-01    -6.501546556e-01     4.376133787e-01     3.681565732e-01  
