   1.157082159e-08     3.728475585e-01     4.907164582e-02     5.104023107e-03    -2.100227898e-03     5.156686420e-04     2.111732493e-03  
  -3.728475586e-01     2.594801755e-08     1.061155931e-01     7.788734040e-01     1.072979048e-02     1.968899278e-02     1.308798646e-02  
  -4.907163827e-02    -1.061155931e-01     1.388909578e-06     1.104440055e-01    -5.981647803e-04     2.816400648e-02     1.391100954e-01  
  -5.103934354e-03    -7.788734040e-01    -1.104440055e-01     3.389692470e-05     9.759933191e-03     7.148276456e-02     6.111858982e-01  
   2.100245477e-03    -1.072979048e-02     5.981647803e-04    -9.759933191e-03     1.139830774e-03     5.576587776e-02    -2.668338089e-01  
  -4.225249286e-04    -1.968899278e-02    -2.816400648e-02    -7.148276456e-02    -5.576587776e-02     6.161446887e-01    -6.825170016e-01  
  -2.025087942e-03    -1.308798646e-02    -1.391100954e-01    -6.111858982e-01     2.668338089e-01     6.825170016e-01     2.389254336e-01  
