   9.212645766e-09     2.279290018e-01     3.453890538e-02     3.290784234e-04    -4.659345245e-04     2.730527620e-04     1.170903611e-03  
  -2.279290027e-01     1.206088870e-09     2.022343717e-02    -4.235844775e-04     6.418256035e-01    -1.098689683e-02     2.326327104e-02  
  -3.453892134e-02    -2.022343717e-02     2.895722475e-07     1.136111873e-04     9.701961288e-02    -1.280564922e-03     5.976372993e-02  
  -3.290662667e-04     4.235844775e-04    -1.136111873e-04     4.041784280e-06    -9.891766646e-04    -2.578529400e-03    -9.930917614e-02  
   4.659716553e-04    -6.418256035e-01    -9.701961288e-02     9.891766646e-04     5.066636021e-06     7.282117037e-03     6.602227149e-01  
  -2.738602715e-04     1.098689683e-02     1.280564922e-03     2.578529400e-03    -7.282117037e-03     1.169814380e-02     2.320335334e-01  
  -9.756080885e-04    -2.326327104e-02    -5.976372993e-02     9.930917614e-02    -6.602227149e-01    -2.320335334e-01     1.118278974e+00  
